2       3.005e+08
3       2.409e+08
4       2.072e+08
5       2.97e+08
6       2.745e+08
7       2.382e+08
8       2.661e+08
9       5.575e+08
10      2.598e+06
12      2.692e+08
13      2.389e+08
15      6.087e+08
16      2.157e+08
17      1.918e+08
18      2.701e+08
19      2.823e+08
20      3.419e+08
21      3.369e+08
22      2.701e+08
23      2.722e+08
25      2.442e+08
27      3.124e+08
28      2.833e+08
29      5.755e+08
30      1.078e+09
31      4.09e+08
32      3.694e+08
33      7.342e+08
34      2.21e+08
35      1.893e+08
36      3.084e+08
37      7.12e+08
38      7.207e+08
40      2.409e+08
41      1.772e+08
42      7.225e+08
43      2.027e+08
46      2.216e+08
47      3.527e+08
49      1.884e+08
50      2.717e+08
51      7.824e+07
52      7.245e+07
53      5.218e+08
55      2.316e+08
56      2.575e+08
56      5.462e+08
57      5.33e+08
58      2.793e+08
60      7.408e+08
61      4.971e+08
62      5.129e+08
64      6.074e+08
65      9.388e+07
66      2.018e+08
69      2.104e+08
70      8.359e+08
73      2.78e+08
74      2.223e+08
75      5.35e+08
76      4.05e+08
77      7.708e+08
78      5.336e+08
79      5.454e+08
80      6.809e+08
80      7.023e+08
81      1.766e+08
82      7.1e+08
83      5.896e+08
84      2.225e+08
86      5.825e+08
87      5.586e+08
88      8.606e+08
90      2.483e+08
91      3.124e+08
95      5.877e+08
96      1.958e+08
98      6.31e+08
99      6.532e+08
100     2.321e+08
101     9.331e+07
102     6.29e+08
103     4.246e+08
105     4.323e+08
108     6.938e+08
109     4.3e+08
112     2.434e+08
113     5.496e+08
114     1.012e+08
115     5.678e+08
116     2.45e+08
118     6.165e+08
119     2.529e+08
120     2.05e+08
121     3.886e+08
122     3.369e+08
123     3.955e+08
125     3.694e+08
126     2.684e+08
127     8.877e+07
128     2.551e+08
129     2.353e+08
130     5.838e+08
138     1.909e+08
141     5.034e+08
144     5.378e+08
145     5.637e+08
147     6.603e+08
148     3.471e+07
149     2.435e+08
150     2.354e+08
152     3.525e+08
154     2.461e+08
156     2.207e+08
158     6.911e+08
159     1.624e+08
160     2.476e+08
161     2.369e+08
162     2.16e+08
163     1.177e+08
164     2.312e+08
167     1.186e+08
168     2.382e+08
169     3.772e+08
170     2.316e+08
171     2.24e+08
172     3.518e+08
173     6.076e+08
174     2.312e+08
175     3.981e+08
176     1.859e+08
177     5.912e+08
178     2.05e+08
179     1.761e+08
180     2.183e+08
181     4.787e+08
182     1.978e+08
183     1.67e+08
184     2.389e+08
185     5.825e+08
186     5.637e+08
186     5.667e+08
187     2.158e+08
187     2.158e+08
189     5.385e+08
190     2.008e+08
192     1.741e+08
193     1.951e+08
194     2.727e+08
195     1.506e+08
196     1.455e+08
197     2.702e+08
198     3.54e+08
200     1.604e+08
201     4.869e+08
202     3.936e+08
203     5.098e+08
204     5.247e+08
205     3.591e+08
206     2.157e+08
207     2.17e+08
208     1.418e+08
209     1.754e+08
210     8.553e+07
211     1.334e+08
212     4.828e+08
213     3.549e+08
214     3.92e+08
215     9.471e+07
216     1.346e+08
218     2.861e+08
219     2.237e+08
220     2.615e+08
221     2.161e+08
222     5.814e+08
223     6.154e+07
224     1.856e+08
225     5.677e+07
226     4.752e+08
227     4.55e+08
230     2.223e+08
231     3.004e+08
232     2.727e+08
233     3.566e+08
234     2.575e+08
235     3.781e+08
236     7.186e+08
237     2.78e+08
238     2.572e+08
239     3.119e+07
241     2.985e+08
243     3.204e+08
244     3.005e+08
245     2.036e+08
246     2.952e+08
247     3.687e+08
248     3.919e+08
250     4.76e+08
251     2.125e+08
252     3.217e+08
252     3.217e+08
253     3.249e+08
254     3.369e+08
255     3.415e+08
256     3.877e+08
257     3.426e+08
258     2.317e+08
259     2.669e+08
260     3.852e+08
262     2.391e+08
263     3.759e+08
264     3.27e+08
265     2.351e+08
266     2.259e+08
267     1.496e+08
268     2.676e+08
269     2.44e+08
270     3.855e+08
271     7.206e+07
272     3.838e+08
273     1.339e+08
275     4.313e+08
275     4.313e+08
275     4.313e+08
276     1.261e+08
277     2.107e+08
278     2.181e+08
279     4.181e+08
283     3.666e+08
284     1.138e+08
285     1.731e+08
287     1.705e+08
288     2.195e+08
291     1.854e+08
298     4.219e+08
298     4.366e+08
299     5.012e+08
300     3.369e+08
301     2.981e+08
302     2.547e+08
303     6.026e+08
304     2.126e+08
305     2.25e+08
306     4.049e+08
307     3.448e+08
308     2.793e+08
309     1.815e+08
310     2.574e+08
311     1.824e+08
312     2.084e+08
313     1.905e+08
315     4.049e+08
316     1.333e+08
316     1.333e+08
317     4.444e+08
318     4.064e+08
320     3.039e+08
321     3.369e+08
322     4.023e+08
325     5.168e+08
326     4.51e+08
327     3.527e+08
328     4.093e+08
329     3.115e+08
330     3.997e+08
331     2.998e+08
332     4.119e+08
334     1.1e+08
337     4.366e+08
338     2.504e+08
340     1.793e+08
342     1.002e+07
343     7.758e+07
344     2.409e+08
345     6.006e+07
347     1.968e+08
350     4.178e+08
352     4.563e+08
355     3.825e+08
356     3.64e+07
357     2.737e+08
358     2.964e+08
359     1.801e+08
362     3.967e+08
363     1.559e+08
364     1.719e+08
365     3.268e+08
366     1.666e+08
367     4.088e+08
368     2.766e+08
369     4.392e+08
370     4.322e+08
372     3.369e+08
373     2.03e+08
374     1.825e+08
375     4.655e+08
376     4.242e+08
377     4.088e+08
378     3.93e+08
379     4.088e+08
380     4.573e+08
381     1.285e+08
382     1.739e+08
383     5.012e+08
384     2.091e+08
385     1.688e+08
387     2.709e+08
388     5.496e+08
388     6.026e+08
389     2.03e+08
390     2.091e+08
391     6.746e+07
392     1.878e+08
393     5.194e+08
396     3.712e+07
398     1.679e+08
399     1.769e+08
400     3.369e+08
401     1.458e+08
402     1.482e+08
404     4.015e+08
407     1.584e+08
409     3.761e+08
411     4.264e+08
414     1.976e+08
415     3.072e+08
416     1.446e+08
421     1.466e+08
433     1.688e+08
437     3.045e+08
438     1.31e+08
440     1.926e+08
441     1.022e+08
442     1.895e+08
445     2.327e+08
449     1.688e+08
450     2.593e+08
451     2.276e+08
454     1.816e+08
455     8.315e+07
456     7.605e+07
458     2.985e+08
459     2.502e+08
460     2.793e+08
461     2.555e+08
463     3.369e+08
464     2.224e+08
467     8.089e+07
469     9.192e+07
471     2.508e+08
472     2.58e+08
474     3.613e+08
475     1.967e+08
476     2.097e+08
477     6.008e+08
478     4.958e+08
479     3.547e+08
480     2.145e+08
481     2.13e+08
482     3.534e+08
484     3.6e+08
485     3.801e+08
486     3.676e+08
490     7.851e+08
491     2.873e+08
492     2.386e+08
493     2.754e+08
494     2.024e+08
495     6.964e+08
497     1.967e+08
498     4.484e+08
499     8.319e+07
500     1.738e+08
501     3.451e+08
501     3.451e+08
502     1.865e+08
503     1.955e+08
504     1.847e+08
505     4.141e+08
506     3.666e+08
508     1.032e+08
509     2.548e+08
510     4.708e+08
511     1.622e+08
512     7.134e+07
513     2.634e+08
514     4.905e+08
515     2.33e+08
516     4.971e+08
517     4.26e+08
519     6.545e+08
520     1.593e+08
521     3.732e+08
522     2.241e+08
523     4.034e+08
524     1.971e+08
525     2.568e+08
526     2.568e+08
527     3.167e+08
528     1.811e+08
529     1.347e+08
530     2.763e+08
531     2.324e+08
533     2.542e+08
534     1.705e+08
535     7.264e+08
536     3.768e+08
537     1.713e+08
539     3.09e+08
540     9.071e+07
542     3.983e+08
544     3.339e+08
545     2.86e+08
546     1.918e+08
548     2.488e+08
549     5.872e+07
550     2.19e+08
551     3.963e+08
552     2.729e+08
553     2.899e+08
555     3.138e+08
557     2.701e+08
558     4.279e+08
559     2.404e+07
560     8.184e+07
561     2.634e+08
562     2.287e+08
563     2.861e+08
564     2.831e+08
565     2.745e+08
566     4.853e+08
568     4.024e+08
569     4.589e+08
570     2.676e+08
571     3.772e+08
572     3.772e+08
574     2.714e+08
575     2.565e+08
576     5.382e+08
577     4.158e+08
578     4.13e+08
579     4.194e+08
581     3.534e+08
582     3.415e+08
583     3.508e+08
584     2.577e+08
585     3.145e+08
586     1.612e+08
587     2.78e+08
588     3.283e+08
589     4.589e+08
590     2.78e+08
590     2.78e+08
591     1.411e+08
592     2.848e+08
593     2.86e+08
594     3.02e+08
595     3.732e+08
596     4.207e+08
597     2.197e+08
598     1.111e+08
599     2.284e+08
600     7.379e+07
601     1.787e+08
602     1.819e+08
603     2.397e+08
605     3.047e+08
607     2.628e+08
608     4.971e+08
609     2.458e+08
611     5.206e+07
612     4.323e+08
613     4.346e+08
614     4.531e+08
615     4.271e+08
616     2.721e+08
616     2.721e+08
619     3.349e+08
620     4.534e+08
621     3.904e+08
623     2.926e+08
624     2.404e+08
625     4.672e+07
626     3.741e+08
627     4.135e+08
628     3.179e+08
630     1.12e+08
631     6.026e+08
632     2.662e+08
633     2.629e+08
634     3.666e+08
635     3.088e+08
636     3.547e+08
637     6.427e+08
638     5.466e+08
639     2.873e+08
642     2.787e+08
643     3.111e+08
645     3.323e+08
646     6.166e+08
647     1.984e+08
648     4.734e+08
648     4.734e+08
649     5.116e+08
649     5.116e+08
650     3.587e+08
651     2.148e+08
653     2.626e+08
654     3.653e+08
655     5.431e+08
656     5.496e+08
657     4.286e+08
658     4.61e+08
659     6.296e+08
660     5.418e+08
661     5.273e+08
662     5.194e+08
663     4.798e+08
664     4.666e+08
665     2.024e+08
666     5.539e+08
667     4.379e+08
668     4.392e+08
669     4.078e+08
670     3.852e+08
671     5.234e+08
672     3.415e+08
673     1.879e+08
674     3.469e+08
676     7.851e+07
677     1.6e+08
678     5.877e+07
679     2.369e+08
680     5.535e+08
681     2.403e+08
683     3.468e+08
685     1.135e+09
686     6.506e+08
687     4.484e+08
688     7.339e+07
690     3.058e+08
691     6.02e+07
692     6.724e+07
693     4.668e+08
694     1.465e+08
695     2.873e+08
696     2.954e+08
697     5.641e+08
698     2.981e+08
699     2.926e+08
700     7.74e+07
701     2.881e+08
702     3.97e+08
705     1.342e+08
706     2.21e+08
707     3.073e+08
708     4.365e+08
709     4.347e+08
710     2.934e+08
711     4.425e+08
712     4.569e+08
715     3.072e+08
715     5.496e+08
716     2.578e+08
718     1.037e+08
719     9.816e+07
720     2.997e+08
721     3.165e+08
722     3.066e+08
723     1.413e+08
724     2.813e+08
725     5.851e+08
726     4.234e+08
727     2.88e+08
728     3.772e+08
729     4.128e+08
731     3.124e+08
732     3.39e+08
732     3.39e+08
733     2.934e+08
734     2.802e+08
734     3.981e+08
735     1.4e+08
736     1.984e+08
737     1.972e+08
738     7.003e+08
739     3.162e+08
741     1.493e+08
742     3.005e+08
743     1.705e+08
744     3.455e+08
745     5.969e+07
746     2.375e+08
747     2.502e+08
748     4.313e+08
749     4.545e+07
750     1.2e+08
751     4.188e+08
752     4.036e+08
753     2.76e+08
754     2.687e+08
756     2.784e+08
758     6.256e+07
760     1.14e+08
761     2.435e+08
762     3.454e+08
763     3.287e+08
764     1.049e+08
766     2.07e+08
767     9.304e+07
768     1.939e+08
769     1.137e+08
770     5.472e+07
771     2.761e+08
773     2.431e+08
774     4.062e+08
775     3.578e+08
776     1.247e+08
777     1.12e+08
779     3.784e+07
780     3.14e+08
781     6.139e+07
782     1.094e+08
783     5.16e+07
783     5.962e+07
784     1.822e+08
785     2.147e+08
786     2.113e+08
787     4.253e+08
789     3.277e+08
790     3.402e+08
791     3.181e+08
792     2.915e+08
794     9.424e+07
795     2.873e+08
796     8.337e+07
797     1.076e+08
798     1.736e+07
800     1.18e+08
801     2.926e+08
803     3.534e+08
804     1.293e+08
806     4.563e+08
807     4.853e+08
810     8.6e+06
812     2.884e+08
813     3.238e+08
814     3.072e+08
815     5.903e+08
816     3.279e+08
818     2.202e+08
821     3.117e+08
822     8.203e+08
825     6.806e+07
826     3.21e+08
827     3.038e+08
828     2.676e+08
829     2.197e+08
830     2.242e+08
831     2.824e+08
832     3.243e+08
833     4.366e+08
834     2.873e+08
835     3.574e+08
836     1.227e+08
837     3.34e+08
839     2.96e+08
840     4.773e+08
841     3.177e+08
842     3.222e+08
843     3.436e+08
844     1.436e+08
845     4.721e+08
846     4.638e+08
848     7.016e+08
849     2.559e+08
850     2.403e+08
851     1.291e+08
852     3.693e+08
854     3.285e+08
855     3.442e+08
856     1.93e+08
857     3.144e+08
858     3.297e+08
859     3.098e+08
860     1.842e+08
861     5.05e+08
862     4.07e+08
863     1.111e+08
864     3.369e+08
865     2.422e+08
866     2.995e+08
867     3.185e+08
868     2.978e+08
868     2.978e+08
870     2.991e+08
871     2.767e+08
872     3.164e+08
873     2.74e+08
874     1.159e+08
875     1.306e+08
876     2.714e+08
881     3.223e+08
882     3.198e+08
883     3.175e+08
885     3.035e+08
886     9.967e+08
889     6.126e+08
890     2.581e+08
891     2.873e+08
892     2.92e+08
893     2.734e+08
894     2.886e+08
896     2.926e+08
897     2.17e+08
898     5.733e+08
899     2.873e+08
900     3.482e+08
901     5.68e+08
902     7.215e+07
903     1.814e+08
904     3.136e+08
905     4.205e+08
906     2.934e+08
907     2.051e+08
908     2.979e+08
909     3.587e+08
910     3.736e+08
911     2.03e+08
912     1.612e+08
913     2.555e+08
914     4.286e+08
915     4.115e+08
916     3.732e+08
919     4.668e+08
920     3.56e+08
921     8.723e+08
922     8.775e+08
923     8.93e+08
924     3.759e+08
925     9.112e+08
926     9.073e+08
927     3.64e+08
928     8.892e+08
929     8.982e+08
930     8.982e+08
931     8.866e+08
932     6.919e+08
933     4.068e+08
936     8.995e+08
937     9.138e+08
938     9.125e+08
939     3.137e+08
940     3.111e+08
941     3.098e+08
942     3.452e+08
943     4.299e+08
944     3.233e+08
945     3.983e+08
946     3.166e+08
947     2.104e+08
948     3.197e+08
949     3.827e+08
950     5.378e+08
950     5.378e+08
951     1.865e+08
952     2.064e+08
954     4.604e+08
956     2.934e+08
956     4.787e+08
959     3.177e+08
960     1.768e+08
960     3.072e+08
961     7.968e+08
962     2.875e+08
963     2.899e+08
964     2.939e+08
965     2.886e+08
966     1.905e+08
967     1.705e+08
968     3.195e+08
968     3.195e+08
969     3.468e+08
970     1.875e+08
971     1.598e+08
975     3.981e+08
976     7.967e+07
977     3.862e+08
978     7.326e+07
979     3.554e+08
980     2.992e+08
981     3.983e+08
982     2.358e+08
983     2.531e+08
984     2.383e+08
985     3.926e+08
986     3.323e+08
987     1.865e+08
988     3.709e+08
989     3.48e+08
990     3.402e+08
991     2.182e+08
992     3.583e+08
993     3.339e+08
994     3.258e+08
995     1.442e+08
996     1.409e+08
997     3.071e+08
997     3.071e+08
998     2.676e+08
999     2.658e+08
1000    2.609e+08
1001    3.64e+08
1002    3.613e+08
1003    3.6e+08
1004    4.366e+08
1004    5.496e+08
1006    2.276e+08
1007    3.455e+08
1009    3.442e+08
1010    3.537e+08
1011    3.449e+08
1013    2.051e+08
1014    6.751e+07
1015    2.33e+08
1017    2.037e+08
1018    2.025e+08
1019    1.801e+08
1020    1.941e+08
1021    4.045e+08
1022    8.689e+07
1024    7.521e+07
1025    3.56e+08
1027    5.72e+08
1028    2.369e+08
1029    1.419e+08
1031    4.826e+08
1032    4.8e+08
1033    3.587e+08
1034    5.05e+08
1035    4.009e+08
1036    4.023e+08
1037    2.226e+08
1038    3.838e+08
1039    3.279e+08
1040    3.745e+08
1041    3.534e+08
1042    3.633e+08
1043    4.22e+08
1044    3.732e+08
1046    3.468e+08
1047    2.802e+08
1048    1.006e+08
1049    2.979e+08
1050    4.26e+08
1051    5.89e+08
1052    4.164e+08
1053    4.484e+08
1054    3.64e+08
1055    1.396e+08
1057    1.838e+08
1058    4.971e+08
1059    3.521e+08
1060    2.051e+08
1061    5.838e+08
1062    5.812e+08
1064    6.152e+08
1065    5.564e+08
1066    7.963e+07
1067    7.945e+07
1068    3.732e+08
1069    5.014e+08
1070    7.464e+07
1071    3.791e+08
1072    4.616e+08
1073    3.666e+08
1074    3.442e+08
1075    2.805e+08
1076    2.788e+08
1077    1.533e+08
1078    3.918e+08
1079    3.851e+08
1080    4.447e+08
1081    1.355e+08
1082    4.879e+08
1083    3.904e+08
1084    1.052e+08
1085    5.063e+08
1086    2.806e+08
1087    4.549e+08
1089    4.102e+08
1091    2.211e+08
1092    2.833e+08
1093    6.036e+08
1094    1.148e+09
1094    1.381e+09
1094    5.012e+08
1095    3.811e+08
1095    3.811e+08
1096    2.727e+08
1097    2.81e+08
1099    3.93e+08
1101    1.049e+09
1102    5.634e+08
1103    7.586e+08
1105    4.952e+08
1106    5.497e+08
1107    5.063e+08
1109    6.755e+08
1110    1.572e+08
1112    4.586e+08
1113    4.721e+08
1116    5.244e+08
1117    2.802e+08
1119    4.313e+08
1119    4.313e+08
1120    3.369e+08
1120    5.496e+08
1121    3.981e+08
1122    5.012e+08
1124    2.395e+08
1125    1.315e+08
1128    2.802e+08
1129    2.925e+08
1130    6.034e+08
1131    8.944e+07
1132    2.073e+08
1133    1.863e+08
1134    6.545e+08
1134    6.545e+08
1135    1.386e+08
1136    3.97e+08
1137    1.905e+08
1138    3.071e+08
1139    2.939e+08
1141    2.034e+08
1142    6.28e+08
1143    2.843e+08
1144    5.413e+08
1145    3.349e+08
1146    3.508e+08
1147    4.642e+08
1149    2.137e+08
1151    1.013e+08
1152    2.645e+08
1153    5.871e+07
1154    5.05e+08
1155    3.988e+08
1156    4.266e+08
1157    5.116e+08
1158    9.103e+07
1159    4.563e+08
1160    4.851e+08
1161    4.881e+08
1162    5.982e+08
1163    4.726e+08
1165    4.556e+08
1165    6.683e+08
1166    9.58e+08
1166    9.58e+08
1167    4.537e+08
1168    4.241e+08
1168    4.826e+08
1169    1.566e+08
1170    4.244e+08
1173    4.7e+08
1174    2.132e+08
1177    5.142e+08
1178    4.571e+08
1181    4.735e+08
1182    4.611e+08
1185    4.672e+08
1186    4.962e+08
1187    3.072e+08
1188    3.217e+08
1189    5.243e+08
1190    4.747e+08
1191    5.142e+08
1192    5.187e+08
1193    5.394e+08
1194    5.229e+08
1195    5.373e+08
1196    2.22e+08
1197    6.55e+07
1198    4.563e+08
1199    4.721e+08
1201    3.072e+08
1204    3.342e+08
1205    1.44e+08
1206    4.55e+08
1208    4.273e+08
1209    3.947e+08
1210    1.297e+08
1211    2.514e+08
1212    4.299e+08
1214    3.111e+08
1215    3.233e+08
1216    3.375e+08
1218    4.946e+07
1219    4.631e+08
1220    4.379e+08
1221    2.432e+08
1222    4.117e+08
1223    3.943e+08
1224    4.51e+08
1225    3.904e+08
1226    2.356e+08
1228    3.399e+08
1229    4.241e+08
1230    2.676e+08
1231    2.273e+08
1235    1.214e+08
1236    2.694e+08
1237    3.806e+08
1241    2.104e+08
1242    3.012e+08
1244    3.626e+08
1245    4.953e+08
1248    2.229e+08
1249    4.958e+08
1250    3.745e+08
1251    5.552e+07
1254    5.739e+07
1255    3.983e+08
1256    2.096e+08
1258    3.515e+08
1259    3.362e+08
1259    3.362e+08
1260    3.468e+08
1261    3.369e+08
1261    5.496e+08
1262    4.32e+08
1263    3.838e+08
1264    4.392e+08
1265    9.42e+07
1267    4.125e+08
1268    2.78e+08
1269    2.697e+08
1277    3.116e+08
1279    2.915e+08
1281    5.995e+08
1286    2.432e+08
1288    2.525e+08
1289    2.435e+08
1291    8.279e+07
1296    2.273e+08
1302    1.993e+08
1303    1.908e+08
1309    3.521e+08
1313    1.311e+08
1317    1.641e+08
1319    3.27e+08
1320    2.203e+08
1321    2.952e+08
1322    1.559e+08
1324    2.603e+08
1327    4.298e+08
1328    4.839e+08
1330    3.544e+08
1331    2.572e+08
1332    1.54e+08
1334    3.492e+08
1335    5.693e+08
1336    2.44e+08
1337    4.081e+08
1338    4.405e+08
1339    3.645e+08
1341    2.44e+08
1342    3.587e+08
1343    3.798e+08
1344    2.125e+08
1345    4.571e+08
1346    3.811e+08
1347    3.765e+08
1348    3.904e+08
1349    2.676e+08
1351    2.934e+08
1352    4.241e+08
1353    3.891e+08
1354    3.732e+08
1355    3.759e+08
1356    3.772e+08
1357    3.64e+08
1358    3.957e+08
1359    1.916e+08
1360    3.772e+08
1361    1.648e+08
1362    6.676e+08
1364    1.852e+08
1365    6.388e+08
1366    2.44e+08
1367    1.785e+08
1368    1.609e+08
1370    6.65e+08
1371    4.036e+08
1372    3.626e+08
1373    4.695e+08
1374    3.217e+08
1375    5.102e+08
1377    4.023e+08
1379    4.366e+08
1380    5.615e+08
1381    4.049e+08
1383    3.93e+08
1384    2.502e+08
1385    6.885e+08
1386    4.633e+08
1387    2.488e+08
1388    4.036e+08
1389    2.806e+08
1390    2.528e+08
1391    4.009e+08
1392    1.821e+08
1393    4.352e+08
1394    3.904e+08
1395    3.468e+08
1397    3.27e+08
1398    4.695e+08
1399    4.787e+08
1401    2.713e+08
1403    3.666e+08
1404    2.382e+08
1405    3.149e+08
1406    3.64e+08
1407    3.838e+08
1407    3.838e+08
1408    2.356e+08
1409    4.563e+08
1410    3.587e+08
1411    3.424e+08
1412    2.334e+08
1413    3.369e+08
1413    4.241e+08
1414    3.719e+08
1417    2.373e+08
1418    3.556e+08
1419    6.296e+08
1420    5.797e+07
1421    5.012e+08
1422    2.44e+08
1423    3.49e+08
1425    4.26e+08
1427    3.459e+08
1428    5.418e+08
1430    5.496e+08
1431    7.329e+08
1432    4.869e+08
1433    4.787e+08
1435    2.369e+08
1436    3.811e+08
1437    3.816e+08
1438    1.028e+08
1439    4.156e+08
1440    1.865e+08
1441    2.312e+08
1443    2.147e+08
1444    3.772e+08
1445    1.022e+08
1446    5.181e+08
1447    1.167e+08
1449    3.164e+08
1451    4.023e+08
1453    3.547e+08
1455    2.145e+08
1456    3.389e+08
1460    3.094e+08
1461    3.937e+08
1464    3.19e+08
1464    3.204e+08
1466    4.115e+08
1467    1.798e+08
1468    4.26e+08
1469    5.496e+08
1471    4.309e+08
1472    3.402e+08
1473    1.6e+07
1474    1.962e+08
1476    3.098e+08
1479    4.246e+08
1481    2.566e+08
1482    3.93e+08
1484    5.916e+08
1488    5.457e+08
1489    4.316e+08
1490    2.558e+08
1491    1.493e+08
1492    2.347e+08
1494    4.22e+08
1496    2.142e+08
1498    2.146e+08
1500    4.405e+08
1501    2.143e+08
1502    8.753e+07
1503    2.577e+08
1504    2.65e+08
1505    2.886e+08
1506    4.247e+08
1507    2.363e+08
1508    1.74e+08
1509    3.256e+08
1510    9.281e+08
1510    9.281e+08
1513    2.682e+08
1515    2.84e+08
1516    3.109e+08
1517    3.256e+08
1518    4.983e+08
1519    3.885e+08
1520    3.996e+08
1521    3.785e+08
1522    2.873e+08
1525    2.118e+08
1526    4.036e+08
1527    3.811e+08
1528    1.692e+08
1529    2.926e+08
1531    3.301e+08
1532    7.811e+07
1534    2.284e+08
1535    2.316e+08
1536    2.267e+08
1540    2.452e+08
1541    2.634e+08
1542    3.128e+08
1543    2.356e+08
1544    2.35e+08
1545    2.502e+08
1548    2.554e+08
1549    5.262e+08
1550    2.621e+08
1551    5.658e+08
1552    3.075e+08
1553    1.257e+08
1555    5.797e+07
1557    2.687e+08
1558    5.654e+07
1559    1.918e+08
1561    1.613e+08
1562    1.501e+08
1564    2.197e+08
1565    4.818e+08
1566    5.286e+08
1567    4.818e+08
1568    5.3e+08
1569    5.01e+08
1570    5.339e+08
1571    2.453e+08
1573    4.65e+08
1574    1.605e+07
1575    2.541e+08
1575    3.031e+08
1576    7.147e+08
1577    2.546e+08
1578    2.992e+08
1579    3.03e+08
1581    4.892e+08
1582    4.681e+08
1583    3.217e+08
1584    1.985e+08
1585    3.256e+08
1586    2.451e+08
1587    7.486e+08
1588    7.251e+08
1592    2.166e+08
1594    3.679e+08
1595    3.226e+08
1596    1.051e+08
1597    2.188e+08
1598    1.838e+08
1599    2.676e+08
1600    5.076e+08
1601    4.012e+08
1602    7.204e+08
1603    3.458e+08
1605    2.947e+08
1607    2.266e+08
1608    1.433e+08
1609    3.098e+08
1610    2.501e+08
1613    2.453e+06
1614    1.072e+09
1615    3.4e+08
1616    2.393e+08
1617    3.532e+08
1618    1.968e+08
1619    2.091e+08
1620    4.939e+08
1621    1.768e+08
1622    2.82e+08
1623    2.568e+08
1623    2.595e+08
1625    3.339e+08
1627    2.635e+08
1628    2.422e+08
1629    5.536e+08
1630    3.001e+08
1631    4.088e+08
1632    9.073e+08
1633    3.133e+08
1634    8.836e+08
1635    8.013e+08
1636    2.528e+08
1637    2.562e+08
1638    2.13e+08
1639    2.264e+08
1640    2.461e+08
1643    2.426e+08
1645    5.035e+08
1646    5.095e+08
1647    2.767e+08
1648    2.449e+08
1649    2.314e+08
1650    3.191e+08
1652    2.198e+08
1654    2.053e+08
1659    3.057e+08
1663    1.474e+08
1666    2.05e+08
1667    4.108e+08
1668    2.546e+08
1669    2.424e+08
1670    2.549e+08
1670    2.577e+08
1671    2.53e+08
1672    3.038e+08
1673    2.263e+08
1675    2.263e+08
1676    2.555e+08
1677    2.29e+08
1678    6.244e+08
1679    2.356e+08
1680    1.971e+08
1681    1.593e+08
1682    1.951e+08
1683    2.017e+08
1684    1.785e+08
1685    1.984e+08
1687    2.052e+08
1688    2.237e+08
1689    1.912e+08
1690    1.899e+08
1691    2.21e+08
1692    2.453e+08
1693    2.595e+08
1694    2.169e+08
1695    6.327e+08
1696    2.435e+08
1697    3.741e+08
1698    2.794e+08
1700    2.697e+08
1701    3.732e+08
1702    1.74e+08
1704    2.694e+08
1705    2.572e+08
1706    2.857e+08
1706    2.857e+08
1711    1.117e+08
1714    2.488e+08
1715    1.728e+08
1718    2.011e+08
1719    2.475e+08
1720    2.494e+08
1721    1.785e+08
1722    1.722e+08
1723    2.335e+08
1724    1.603e+08
1725    1.732e+08
1726    2.322e+08
1727    2.348e+07
1728    3.802e+08
1729    5.61e+07
1730    1.32e+08
1731    1.408e+08
1732    2.068e+08
1733    4.733e+08
1734    2.125e+08
1735    5.037e+08
1736    2.178e+08
1738    6.595e+07
1739    3.785e+08
1741    6.572e+08
1742    4.232e+08
1745    5.286e+08
1746    2.345e+08
1748    4.931e+08
1749    2.152e+08
1750    2.532e+08
1752    6.31e+08
1753    4.424e+08
1754    2.29e+08
1755    3.411e+08
1756    2.84e+08
1757    1.057e+09
1758    2.568e+08
1760    1.623e+08
1761    2.971e+08
1762    2.43e+08
1763    1.987e+08
1764    2.124e+08
1767    2.222e+08
1768    1.961e+08
1769    2.435e+08
1770    1.927e+08
1771    2.047e+08
1772    2.884e+08
1774    1.496e+08
1775    3.442e+08
1776    1.397e+08
1777    5.631e+08
1778    3.989e+08
1779    4.145e+08
1780    4.61e+08
1781    5.691e+08
1783    1.256e+08
1784    2.041e+08
1785    2.066e+08
1786    3.996e+08
1787    7.361e+07
1788    1.533e+08
1789    2.032e+08
1790    1.489e+08
1791    1.557e+08
1792    4.642e+08
1793    2.264e+08
1794    1.67e+08
1796    2.189e+08
1797    1.63e+08
1798    6.919e+08
1799    2.151e+08
1801    1.686e+08
1802    4.247e+08
1803    4.207e+08
1804    4.181e+08
1804    4.181e+08
1806    4.51e+08
1807    4.009e+08
1809    2.381e+08
1810    2.35e+08
1811    2.056e+08
1812    2.236e+08
1813    1.906e+08
1815    2.088e+08
1816    2.231e+08
1817    3.309e+08
1817    3.309e+08
1818    2.024e+08
1819    2.833e+08
1820    4.115e+08
1821    5.345e+08
1821    5.345e+08
1823    2.216e+08
1825    2.181e+08
1827    2.529e+08
1829    5.825e+08
1830    5.302e+07
1832    4.471e+08
1833    2.119e+08
1834    6.171e+08
1835    6.138e+08
1835    6.138e+08
1836    3.005e+08
1838    3.362e+08
1838    3.362e+08
1839    3.25e+08
1841    6.218e+08
1842    2.821e+08
1843    2.928e+08
1844    3.134e+08
1845    1.341e+08
1847    2.838e+08
1849    3.574e+08
1853    1.769e+08
1854    4.048e+08
1855    5.496e+08
1856    2.794e+08
1857    3.944e+08
1858    2.613e+08
1859    2.586e+08
1860    3.027e+08
1861    2.895e+08
1862    2.774e+08
1863    3.389e+08
1864    1.932e+08
1865    3.474e+08
1866    3.992e+08
1867    3.415e+08
1868    3.508e+08
1869    3.258e+08
1870    5.949e+07
1873    4e+08
1873    4e+08
1874    2.223e+08
1875    2.657e+08
1876    2.847e+08
1877    3.256e+08
1878    6.349e+08
1878    6.349e+08
1879    5.796e+08
1880    4.478e+08
1882    3.115e+08
1884    2.611e+08
1885    2.112e+08
1886    3.825e+08
1887    1.27e+08
1888    2.091e+08
1889    2.16e+08
1890    4.523e+08
1891    3.369e+08
1892    1.216e+08
1893    4.241e+08
1894    4.629e+08
1895    1.634e+08
1896    4.939e+07
1897    2.222e+08
1898    7.441e+07
1899    2.78e+08
1900    2.515e+08
1901    2.343e+08
1902    3.129e+08
1903    3.369e+08
1903    4.241e+08
1904    2.007e+08
1906    2.197e+08
1908    3.621e+08
1908    3.621e+08
1909    3.354e+08
1912    3.072e+08
1913    5.583e+07
1914    8.122e+07
1915    3.694e+08
1916    2.555e+08
1917    1.019e+09
1918    4.115e+08
1919    5.219e+07
1920    8.007e+08
1922    5.098e+08
1923    6.721e+08
1924    4.65e+08
1926    1.895e+08
1928    1.838e+08
1929    5.879e+08
1930    5.496e+08
1931    4.128e+08
1932    5.298e+08
1933    4.434e+07
1934    2.125e+08
1935    2.436e+08
1936    3.369e+08
1937    2.03e+08
1938    4.028e+08
1940    6.046e+08
1942    8.098e+08
1944    5.155e+08
1945    8.124e+08
1946    5.077e+08
1947    4.366e+08
1948    6.091e+08
1949    2.961e+08
1950    5.056e+08
1951    8.164e+08
1952    7.263e+07
1953    7.731e+07
1954    4.75e+07
1955    5.405e+08
1956    2.782e+08
1957    5.536e+08
1958    3.369e+08
1959    2.424e+07
1960    3.455e+08
1961    2.676e+08
1962    7.388e+07
1963    7.259e+07
1964    7.512e+08
1965    7.452e+08
1966    2.802e+08
1967    4.22e+08
1968    3.694e+08
1969    8.851e+08
1970    4.576e+07
1971    5.259e+08
1972    4.05e+08
1973    4.65e+08
1974    8.137e+08
1975    4.571e+08
1976    3.072e+08
1977    4.36e+08
1978    4.663e+08
1980    6.539e+07
1982    2.802e+08
1984    5.26e+08
1986    6.97e+07
1987    6.139e+08
1987    6.139e+08
1987    6.139e+08
1987    6.139e+08
1989    4.937e+08
1991    4.984e+08
1993    3.908e+07
1994    3.369e+08
1996    7.682e+08
1997    2.462e+08
1998    5.01e+08
1999    7.512e+08
2000    3.712e+07
2004    4.939e+07
2005    2.802e+08
2006    6.598e+07
2008    6.672e+07
2009    6.809e+07
2010    1.612e+08
2012    9.151e+08
2014    4.581e+08
2015    2.802e+08
2016    2.902e+08
2017    2.449e+08
2018    4.506e+08
2019    2.502e+08
2019    2.502e+08
2020    2.833e+08
2021    3.072e+08
2022    3.005e+08
2023    4.339e+08
2024    2.676e+08
2025    5.773e+08
2027    2.767e+08
2028    4.333e+08
2029    4.444e+08
2031    2.144e+08
2032    4.63e+07
2033    6.253e+08
2034    3.217e+08
2035    6.22e+07
2036    2.847e+08
2037    3.693e+08
2038    3.043e+07
2039    1.068e+07
2040    5.868e+07
2041    5.329e+07
2043    5.229e+08
2044    4.241e+08
2045    4.023e+08
2046    4.655e+08
2049    4.745e+07
2050    5.498e+08
2051    5.512e+07
2052    5.047e+08
2054    4.05e+08
2056    4.83e+07
2057    3.273e+08
2058    7.285e+07
2059    1.227e+08
2060    2.97e+08
2063    2.125e+08
2064    5.012e+08
2065    1.768e+08
2066    4.983e+08
2068    2.101e+08
2070    3.134e+08
2071    4.241e+08
2073    1.755e+08
2079    4.821e+08
2080    1.825e+08
2081    5.669e+08
2082    5.245e+08
2083    5.77e+08
2085    4.447e+07
2086    5.602e+08
2089    2.104e+08
2094    2.125e+08
2095    1.267e+08
2097    2.197e+08
2098    1.242e+08
2099    2.125e+08
2101    2.003e+08
2102    1.608e+08
2103    1.91e+08
2104    3.01e+08
2106    2.203e+08
2112    4.759e+08
2119    1.851e+08
2121    4.618e+08
2122    2.088e+08
2123    1.923e+08
2124    1.932e+08
2125    4.062e+08
2130    8.306e+07
2131    1.12e+08
2132    1.535e+08
2136    6.087e+07
2137    7.642e+07
2142    2.676e+08
2143    1.275e+08
2150    1.859e+08
2151    5.89e+08
2152    8.34e+07
2153    1.297e+08
2158    6.939e+07
2160    2.129e+08
2163    1.245e+08
2164    4.832e+08
2166    1.21e+08
2174    1.692e+08
2176    3.27e+08
2178    3.072e+08
2179    1.95e+08
2180    2.352e+08
2181    2.2e+08
2182    3.072e+08
2184    1.612e+08
2185    2.08e+08
2186    3.653e+08
2187    3.64e+08
2190    4.744e+08
2191    4.154e+08
2192    5.496e+08
2193    2.305e+08
2194    1.931e+08
2196    2.181e+08
2197    3.694e+08
2197    8.71e+08
2198    2.409e+08
2199    2.153e+08
2200    1.446e+08
2200    1.502e+08
2201    2.053e+08
2202    1.599e+08
2203    2.084e+08
2204    2.147e+08
2205    2.104e+08
2207    2.208e+08
2208    3.56e+08
2209    6.71e+07
2211    2.465e+08
2212    3.772e+08
2213    3.005e+08
2214    2.702e+08
2217    2.404e+08
2218    2.934e+08
2218    6.721e+08
2219    2.415e+08
2221    1.172e+09
2222    4.379e+08
2224    4.366e+08
2225    4.379e+08
2226    4.933e+08
2227    4.286e+08
2229    3.322e+08
2230    3.389e+08
2231    4.042e+08
2233    3.159e+07
2234    7.186e+08
2239    2.79e+08
2247    1.905e+08
2248    1.863e+08
2249    3.943e+08
2250    1.759e+08
2253    2.211e+08
2254    3.425e+08
2256    1.019e+08
2267    1.013e+08
2268    8.78e+07
2269    1.767e+08
2271    9.659e+07
2282    2.069e+08
2288    3.084e+08
2290    2.633e+08
2293    1.9e+08
2307    5.72e+08
2308    2.657e+08
2309    2.555e+08
2311    7.6e+07
2312    3.369e+08
2312    8.71e+08
2327    1.308e+08
2329    1.031e+08
2335    6.026e+08
2337    2.934e+08
2338    2.507e+08
2339    2.473e+08
2340    3.574e+08
2341    2.261e+08
2348    4.362e+08
2361    1.025e+08
2363    3.498e+08
2366    2.804e+08
2367    8.154e+07
2373    3.449e+08
2374    5.891e+08
2375    2.743e+08
2376    5.854e+08
2377    2.687e+08
2378    6.702e+08
2379    1.768e+08
2380    6.972e+08
2382    2.745e+08
2383    6.326e+08
2384    3.574e+08
2385    3.032e+08
2387    3.519e+08
2388    2.676e+08
2389    1.084e+08
2390    2.555e+08
2392    2.767e+08
2393    2.919e+08
2394    2.949e+08
2398    4.049e+08
2400    3.534e+08
2401    5.383e+08
2402    8.83e+08
2403    2.409e+08
2404    3.675e+08
2405    3.428e+08
2406    2.103e+08
2407    2.867e+08
2409    2.936e+08
2414    4.366e+08
2418    6.31e+08
2420    3.719e+08
2421    2.053e+08
2422    4.571e+08
2423    4.171e+08
2426    1.732e+08
2427    6.021e+08
2428    2.027e+08
2429    1.45e+08
2430    1.438e+08
2431    6.787e+08
2432    4.431e+08
2433    4.774e+08
2434    3.287e+08
2435    2.771e+08
2437    2.343e+08
2439    1.905e+08
2441    5.362e+08
2441    5.362e+08
2442    4.918e+08
2443    4.68e+08
2444    3.021e+08
2445    9.54e+07
2446    3.647e+08
2449    2.226e+08
2450    7.339e+07
2451    4.366e+08
2452    2.555e+08
2453    4.115e+08
2454    3.968e+08
2456    3.137e+08
2457    3.864e+08
2459    3.058e+08
2461    1.11e+08
2462    4.075e+08
2463    4.181e+08
2464    4.313e+08
2465    4.576e+08
2466    4.299e+08
2467    3.706e+08
2468    3.6e+08
2469    1.16e+08
2470    4.181e+08
2471    2.767e+08
2472    3.455e+08
2473    3.71e+08
2474    2.676e+08
2475    4.711e+08
2476    3.69e+08
2478    3.548e+08
2479    3.678e+08
2480    3.733e+08
2481    2.734e+08
2482    1.097e+08
2483    5.602e+08
2486    6.237e+08
2487    2.061e+08
2490    3.391e+08
2491    3.629e+08
2492    1.147e+08
2493    2.74e+08
2495    4.625e+08
2496    5.47e+08
2497    6.637e+08
2498    4.52e+08
2499    4.392e+08
2500    2.939e+08
2502    3.217e+08
2503    4.241e+08
2505    4.543e+08
2506    4.488e+08
2507    6.907e+07
2508    5.365e+08
2510    1.174e+08
2512    1.291e+08
2514    1.28e+08
2515    2.719e+08
2516    2.25e+08
2517    1.147e+08
2518    2.263e+08
2519    2.793e+08
2520    6.768e+07
2521    3.904e+08
2522    1.476e+08
2523    1.16e+08
2524    7.784e+07
2525    6.755e+08
2526    1.2e+08
2527    3.071e+08
2530    3.057e+08
2531    1.521e+08
2532    1.426e+08
2533    1.08e+08
2534    1.24e+08
2535    3.213e+08
2536    2.534e+08
2537    1.177e+08
2538    3.882e+08
2539    1.408e+08
2540    3.033e+08
2541    2.372e+08
2542    2.714e+08
2543    6.877e+08
2543    6.877e+08
2544    3.851e+08
2546    2.802e+08
2547    4.589e+08
2548    2.224e+08
2549    5.457e+08
2550    2.261e+08
2551    2.962e+08
2552    1.518e+08
2554    5.298e+07
2554    5.476e+07
2556    1.279e+08
2557    2.873e+08
2558    1.282e+08
2559    1.358e+08
2560    1.011e+08
2561    2.133e+08
2562    3.811e+08
2563    7.397e+07
2564    7.016e+08
2565    6.717e+08
2565    6.821e+08
2566    3.591e+08
2567    5.326e+08
2568    3.702e+08
2569    4.169e+08
2570    7.616e+08
2572    2.74e+08
2573    1.99e+08
2574    1.147e+07
2575    7.616e+08
2576    4.303e+08
2577    2.886e+08
2578    1.695e+08
2580    1.537e+08
2582    2.019e+08
2583    3.752e+08
2584    1.273e+08
2586    1.777e+08
2587    1.079e+08
2588    1.68e+08
2589    1.798e+08
2590    2.968e+08
2591    3.147e+08
2593    6.898e+08
2594    1.745e+08
2596    1.572e+08
2597    1.487e+08
2598    2.731e+08
2600    4.55e+08
2601    4.444e+08
2604    8.729e+07
2606    3.557e+08
2607    4.352e+08
2608    7.472e+07
2612    4.441e+08
2614    4.009e+08
2615    3.759e+08
2616    4.023e+08
2617    4.049e+08
2619    3.838e+08
2620    3.798e+08
2623    1.988e+08
2626    4.958e+08
2627    1.08e+08
2628    5.588e+08
2629    6.126e+08
2632    9.216e+08
2633    5.063e+08
2634    3.884e+08
2636    9.812e+08
2637    4.061e+08
2638    5.474e+08
2639    5.47e+08
2640    5.431e+08
2644    6.166e+08
2645    5.116e+08
2646    5.496e+08
2648    6.166e+08
2649    5.405e+08
2649    5.405e+08
2650    8.879e+08
2651    9.073e+08
2652    9.021e+08
2654    9.242e+08
2655    1.004e+09
2656    9.138e+08
2657    2.164e+09
2660    6.388e+08
2661    3.27e+08
2665    5.05e+08
2666    3.323e+08
2667    6.166e+08
2668    2.16e+08
2670    6.152e+08
2673    2.621e+08
2674    2.775e+08
2676    8.684e+08
2678    6.283e+08
2679    6.152e+08
2680    7.577e+08
2683    5.089e+08
2684    2.938e+07
2689    2.674e+08
2690    1.497e+09
2692    9.397e+08
2694    6.388e+08
2694    6.388e+08
2695    3.309e+08
2698    2.661e+08
2700    1.085e+09
2701    6.139e+08
2702    1.081e+09
2703    4.571e+08
2704    6.584e+08
2707    1.024e+09
2708    2.701e+08
2712    4.115e+08
2713    5.326e+08
2716    1.034e+09
2718    4.471e+08
2720    5.26e+08
2722    8.93e+08
2723    5.155e+08
2724    9.825e+08
2725    1.11e+09
2727    5.142e+08
2729    1.039e+09
2732    6.919e+08
2734    1.037e+09
2735    5.011e+08
2738    4.779e+08
2739    5.286e+08
2740    1.446e+09
2741    3.996e+08
2742    3.732e+08
2744    4.85e+08
2745    4.484e+08
2746    5.273e+08
2748    9.203e+08
2749    7.864e+08
2750    1.002e+09
2751    4.551e+08
2752    4.523e+08
2753    1.003e+09
2754    9.281e+08
2756    9.915e+08
2757    2.834e+08
2758    2.714e+08
2759    3.785e+08
2760    1.113e+09
2761    9.151e+08
2762    1.865e+08
2763    8.528e+07
2764    8.76e+07
2765    8.995e+08
2766    5.142e+08
2767    4.805e+07
2768    1.106e+09
2769    3.981e+08
2770    9.359e+08
2771    1.113e+09
2775    1.1e+09
2776    1.852e+08
2777    5.273e+08
2779    1.865e+08
2780    5.496e+08
2780    6.919e+08
2781    6.939e+07
2782    4.448e+07
2783    4.115e+08
2784    6.218e+08
2785    5.142e+08
2786    2.33e+08
2787    3.305e+07
2788    1.081e+09
2788    1.081e+09
2790    8.917e+08
2791    2.938e+07
2792    9.099e+08
2793    4.241e+08
2793    5.496e+08
2795    6.898e+08
2796    3.369e+08
2796    4.241e+08
2797    9.099e+08
2798    5.286e+08
2799    5.037e+08
2800    7.225e+08
2801    9.657e+08
2802    7.16e+08
2803    1.006e+09
2804    2.661e+08
2807    6.296e+08
2810    4.05e+08
2810    4.714e+08
2811    7.968e+08
2812    5.536e+08
2813    4.905e+08
2814    6.624e+08
2815    9.112e+08
2816    8.645e+08
2818    9.099e+08
2819    5.431e+08
2820    4.141e+08
2821    9.98e+08
2822    1.58e+08
2823    5.457e+08
2826    2.674e+08
2828    6.096e+07
2829    7.094e+08
2830    5.313e+08
2834    1.52e+09
2835    6.087e+08
2837    5.076e+08
2838    9.32e+08
2839    8.671e+08
2840    4.563e+08
2842    1.023e+09
2843    2.727e+08
2844    1.096e+09
2845    1.076e+09
2846    5.432e+08
2847    3.494e+08
2848    3.468e+08
2850    2.961e+08
2851    2.17e+08
2852    4.128e+08
2853    2.966e+08
2855    8.71e+08
2856    2.926e+08
2857    2.972e+08
2858    1.153e+09
2860    1.184e+09
2861    2.806e+08
2862    7.147e+08
2864    1.055e+09
2867    2.793e+08
2870    1.44e+08
2871    3.587e+08
2873    2.555e+08
2874    2.608e+08
2876    8.476e+08
2877    6.885e+08
2878    2.621e+08
2879    3.369e+08
2881    1.19e+09
2883    5.667e+08
2886    7.081e+08
2889    2.757e+08
2891    1.069e+09
2892    8.476e+08
2893    2.802e+08
2893    4.241e+08
2894    9.021e+08
2896    5.339e+08
2898    1.106e+09
2900    1.103e+09
2901    1.064e+09
2903    1.045e+09
2909    8.567e+08
2910    2.833e+08
2912    1.159e+09
2913    9.344e+07
2914    4.55e+08
2917    5.759e+08
2919    6.919e+08
2919    8.71e+08
2921    5.785e+08
2923    4.576e+08
2925    3.983e+08
2928    3.716e+08
2929    1.479e+08
2930    4.075e+08
2933    3.965e+08
2934    5.339e+07
2936    4.576e+08
2938    1.055e+09
2938    1.055e+09
2938    1.055e+09
2941    2.923e+08
2942    4.234e+08
2943    2.657e+08
2945    4.589e+08
2946    4.352e+08
2947    5.799e+08
2950    3.06e+08
2951    2.869e+08
2952    4.299e+08
2955    2.971e+08
2956    4.164e+08
2957    7.872e+07
2958    4.576e+08
2960    4.339e+08
2961    3.804e+08
2967    3.127e+08
2968    2.939e+08
2969    6.962e+07
2971    3.762e+08
2973    1.551e+08
2974    2.549e+08
2977    1.476e+08
2978    1.562e+08
2979    1.515e+08
2980    3.781e+08
2981    1.533e+08
2984    3.184e+07
2985    1.607e+08
2986    1.525e+08
2987    3.192e+08
2990    3.018e+08
2991    4.431e+08
2992    2.537e+07
2993    7.447e+08
2994    8.528e+08
2995    9.705e+07
2996    1.149e+08
2999    3.098e+08
3001    3.64e+08
3002    3.626e+08
3003    3.468e+08
3004    2.82e+08
3005    9.068e+07
3007    3.182e+08
3008    3.261e+08
3010    1.028e+08
3012    4.477e+08
3013    2.727e+08
3014    2.933e+08
3015    1.045e+08
3016    8.307e+08
3017    1.027e+08
3018    8.805e+07
3019    4.574e+07
3020    9.151e+08
3021    1.278e+08
3022    2.883e+08
3023    5.142e+07
3024    4.049e+08
3025    3.756e+07
3028    5.739e+07
3029    3.184e+08
3031    1.136e+09
3032    6.336e+07
3033    2.647e+07
3034    8.307e+08
3036    2.512e+08
3037    4.273e+08
3038    8.892e+08
3039    3.266e+08
3040    2.169e+08
3041    7.739e+07
3043    4.181e+08
3044    6.506e+06
3046    3.755e+08
3047    3.587e+08
3049    1.234e+08
3049    1.234e+08
3052    4.005e+07
3053    6.637e+08
3054    5.872e+07
3055    5.339e+08
3058    1.06e+09
3059    2.638e+07
3060    2.581e+08
3061    1.178e+08
3062    3.652e+08
3063    1.208e+08
3065    4.501e+07
3066    3.137e+07
3067    2.965e+08
3068    4.945e+08
3069    2.608e+08
3073    3.468e+08
3074    1.032e+08
3075    2.859e+08
3077    7.74e+07
3078    8.709e+08
3079    3.534e+08
3080    3.375e+08
3081    4.939e+07
3082    3.19e+08
3084    3.005e+08
3089    3.058e+08
3091    3.415e+08
3092    9.566e+08
3093    3.308e+08
3094    7.619e+06
3095    3.187e+08
3096    5.339e+07
3097    5.739e+07
3099    1.097e+08
3100    4.188e+07
3101    4.371e+07
3104    7.404e+06
3105    7.53e+06
3107    3.396e+08
3108    3.283e+08
3109    5.68e+08
3110    4.984e+08
3111    6.506e+08
3112    3.403e+08
3116    3.694e+08
3118    7.713e+07
3119    3.018e+08
3120    2.593e+07
3121    8.917e+08
3122    2.729e+08
3126    9.164e+08
3127    3.848e+08
3128    5.327e+08
3128    5.327e+08
3132    7.072e+07
3134    1.971e+08
3135    6.919e+08
3136    2.644e+08
3137    2.833e+08
3138    3.694e+08
3138    6.721e+08
3141    3.261e+08
3142    2.44e+08
3142    6.31e+08
3143    3.084e+08
3144    3.868e+08
3146    3.527e+08
3147    3.468e+08
3147    3.468e+08
3148    1.255e+08
3149    3.768e+08
3150    3.389e+08
3151    3.296e+08
3152    1.633e+08
3153    5.142e+08
3154    5.755e+08
3155    1.171e+08
3156    2.608e+08
3157    7.825e+08
3159    3.494e+08
3165    3.834e+08
3167    9.071e+07
3168    6.587e+08
3169    5.496e+08
3170    3.336e+08
3171    3.233e+08
3172    6.919e+08
3173    5.707e+08
3174    4.214e+08
3175    2.777e+08
3176    3.369e+08
3179    5.496e+08
3184    3.018e+08
3184    3.018e+08
3185    3.19e+08
3186    3.407e+08
3187    9.073e+08
3188    2.555e+08
3189    2.676e+08
3192    6.406e+07
3193    3.304e+08
3194    5.496e+08
3195    5.496e+08
3196    8.554e+08
3199    3.521e+08
3200    6.31e+08
3201    8.318e+08
3202    1.047e+09
3203    4.439e+08
3204    3.868e+08
3205    6.598e+08
3206    3.177e+08
3207    3.369e+08
3208    6.678e+06
3209    3.492e+08
3210    3.775e+08
3212    3.517e+08
3213    4.51e+08
3215    5.846e+07
3216    6.026e+08
3217    3.369e+08
3217    4.241e+08
3218    4.672e+07
3219    3.369e+08
3220    9.204e+07
3221    4.65e+08
3222    8.645e+08
3224    2.981e+07
3225    1.205e+08
3227    5.098e+08
3228    2.676e+08
3229    8.364e+07
3230    4.869e+08
3231    3.369e+08
3233    3.442e+08
3234    6.026e+08
3235    3.375e+08
3236    7.147e+08
3237    3.375e+08
3238    5.628e+08
3239    4.781e+07
3240    8.904e+08
3241    6.558e+08
3242    1.235e+09
3243    3.481e+08
3244    5.883e+08
3246    1.085e+09
3247    2.338e+07
3249    6.919e+08
3253    9.263e+07
3255    2.873e+08
3258    1.82e+08
3259    7.833e+07
3261    8.424e+08
3262    3.402e+08
3263    3.597e+08
3264    5.496e+08
3267    7.005e+07
3268    4.741e+07
3269    5.339e+08
3270    4.787e+08
3271    3.363e+08
3272    3.694e+08
3275    7.942e+08
3276    6.919e+08
3277    3.868e+08
3278    3.369e+08
3280    3.389e+08
3283    3.369e+08
3284    3.468e+08
3286    5.496e+08
3287    8.461e+08
3288    6.919e+08
3289    1.624e+08
3290    1.617e+08
3291    7.747e+08
3292    3.071e+07
3293    6.919e+08
3296    4.537e+08
3298    1.234e+08
3299    3.217e+08
3300    3.103e+08
3302    6.919e+08
3303    4.991e+06
3304    8.71e+08
3305    1.136e+08
3306    6.584e+08
3307    2.804e+07
3308    2.763e+07
3309    2.138e+08
3311    8.065e+06
3312    4.241e+08
3313    4.805e+07
3314    9.121e+08
3315    7.472e+07
3316    5.339e+08
3317    1.097e+09
3321    3.694e+08
3322    5.931e+07
3322    6.813e+07
3325    4.241e+08
3326    6.919e+08
3327    5.812e+08
3328    4.8e+07
3330    3.163e+08
3331    6.353e+08
3332    1.097e+09
3334    6.919e+08
3335    1.381e+09
3336    3.221e+08
3337    6.721e+08
3338    2.846e+08
3340    5.982e+08
3341    4.65e+08
3344    7.57e+07
3345    8.71e+08
3346    5.739e+07
3347    3.362e+08
3348    8.71e+08
3349    6.103e+07
3353    1.984e+08
3355    2.161e+07
3356    6.363e+07
3357    6.164e+08
3358    1.065e+08
3359    3.694e+08
3361    5.739e+07
3362    2.992e+08
3363    4.973e+07
3364    4.241e+08
3365    1.189e+08
3366    3.369e+08
3367    3.415e+08
3368    5.496e+08
3369    7.739e+07
3370    9.009e+07
3371    5.601e+07
3373    4.241e+08
3374    5.338e+07
3376    3.32e+08
3377    3.018e+08
3378    5.496e+08
3379    5.969e+08
3380    9.551e+08
3381    5.373e+07
3382    2.687e+08
3383    8.272e+07
3384    6.608e+08
3385    1.381e+09
3386    7.872e+07
3387    6.584e+08
3388    5.538e+07
3389    8.71e+08
3390    5.339e+08
3391    8.979e+07
3392    8.938e+07
3393    3.226e+07
3394    8.32e+08
3395    3.694e+08
3396    7.586e+08
3397    5.326e+08
3401    1.381e+09
3402    3.698e+08
3403    6.427e+08
3405    5.3e+08
3406    3.111e+08
3407    3.245e+08
3409    7.629e+08
3410    6.349e+08
3411    4.241e+08
3412    4.875e+07
3413    5.922e+07
3414    3.872e+07
3416    9.134e+06
3416    9.134e+06
3418    1.123e+09
3419    5.872e+07
3421    3.032e+08
3422    1.054e+09
3424    4.869e+08
3425    3.264e+08
3429    3.694e+08
3430    8.966e+07
3431    7.747e+08
3432    2.825e+08
3433    6.026e+08
3434    6.388e+08
3435    2.802e+08
3436    4.138e+07
3437    9.38e+07
3439    8.71e+08
3440    3.455e+08
3441    8.645e+08
3442    4.984e+07
3443    1.157e+08
3445    6.608e+08
3446    7.022e+07
3447    1.212e+09
3448    3.527e+08
3449    5.59e+08
3450    4.241e+08
3451    8.216e+08
3453    1.282e+08
3454    3.25e+08
3455    5.339e+08
3457    6.539e+07
3458    8.372e+08
3459    1.238e+07
3460    3.527e+08
3461    3.881e+07
3462    7.206e+07
3465    4.405e+07
3466    5.458e+07
3467    3.513e+08
3468    5.411e+07
3469    1.097e+09
3470    4.762e+07
3471    8.243e+06
3472    1.097e+09
3473    5.031e+07
3474    9.228e+07
3475    1.294e+08
3476    6.595e+06
3478    9.785e+07
3479    8.71e+08
3481    3.302e+08
3481    3.399e+08
3482    3.369e+08
3483    2.018e+07
3484    3.547e+08
3486    8.405e+07
3487    4.805e+07
3488    3.217e+08
3489    3.647e+08
3490    1.809e+07
3491    4.444e+08
3492    1.938e+08
3494    1.148e+09
3498    2.934e+08
3499    6.911e+07
3500    2.889e+08
3501    4.371e+07
3502    1.097e+09
3505    6.1e+08
3506    3.979e+07
3507    1.202e+09
3508    3.619e+08
3509    3.979e+07
3510    6.121e+07
3515    3.137e+08
3516    3.182e+08
3517    3.395e+07
3518    6.41e+07
3519    1.603e+07
3520    4.995e+07
3521    4.126e+07
3522    4.385e+07
3523    9.734e+08
3525    3.613e+08
3528    6.274e+08
3530    4.939e+07
3531    6.026e+08
3533    4.003e+08
3534    6.126e+08
3536    4.241e+08
3540    4.696e+07
3542    7.147e+08
3548    5.496e+08
3556    3.283e+08
3557    1.03e+09
3558    1.23e+09
3558    1.23e+09
3559    2.802e+08
3560    3.217e+08
3561    3.455e+08
3562    1.059e+08
3565    6.919e+08
3567    4.062e+08
3571    5.606e+07
3573    8.671e+08
3574    8.788e+08
3575    3.872e+07
3576    6.265e+07
3578    3.091e+07
3580    8.71e+08
3581    3.214e+08
3582    3.3e+08
3583    6.394e+07
3585    3.429e+08
3586    6.939e+07
3587    3.392e+08
3590    2.926e+08
3591    8.76e+07
3595    4.241e+08
3595    4.241e+08
3597    3.217e+08
3598    3.543e+08
3599    2.997e+08
3600    2.202e+08
3601    9.41e+08
3602    3.981e+08
3603    6.113e+08
3604    5.838e+08
3605    6.006e+07
3606    1.502e+09
3607    6.608e+08
3608    3.385e+08
3609    4.062e+08
3610    8.71e+08
3611    1.362e+08
3613    6.034e+08
3615    3.673e+08
3616    5.606e+07
3617    1.072e+08
3618    3.03e+08
3620    3.043e+08
3621    6.608e+08
3622    9.592e+08
3623    3.23e+08
3624    9.721e+08
3625    2.44e+08
3625    7.944e+08
3625    9.838e+08
3626    6.126e+08
3627    7.512e+08
3629    4.05e+08
3629    4.869e+08
3629    6.126e+08
3631    1.389e+08
3632    2.117e+08
3633    9.071e+07
3634    5.012e+08
3635    2.838e+07
3637    8.938e+07
3638    2.873e+08
3639    1.604e+08
3640    3.402e+08
3641    2.806e+08
3642    5.012e+08
3643    5.444e+08
3644    2.939e+08
3646    3.041e+08
3647    2.824e+07
3649    6.919e+08
3651    2.236e+08
3652    3.784e+07
3653    4.795e+07
3654    6.31e+08
3655    9.121e+08
3656    3.217e+08
3658    2.004e+06
3659    3.694e+08
3661    4.441e+08
3662    3.967e+08
3663    4.005e+07
3665    5.463e+07
3670    3.243e+08
3671    3.893e+08
3672    4.371e+07
3677    8.71e+08
3678    4.65e+08
3683    5.59e+08
3684    5.206e+07
3686    8.879e+08
3687    1.491e+07
3689    5.496e+08
3690    4.281e+08
3691    8.71e+08
3692    3.047e+08
3693    7.472e+07
3694    3.9e+08
3696    8.71e+08
3697    7.277e+08
3698    3.836e+08
3701    6.139e+07
3701    6.139e+07
3702    3.993e+08
3704    4.016e+08
3705    5.496e+08
3705    6.919e+08
3709    6.532e+08
3710    4.539e+07
3711    4.571e+08
3713    3.177e+08
3714    4.075e+08
3715    6.721e+08
3717    3.19e+08
3718    5.196e+07
3719    8.272e+07
3720    3.468e+08
3723    2.505e+08
3724    4.181e+08
3725    2.933e+08
3726    2.361e+08
3727    1.136e+08
3727    1.136e+08
3728    6.026e+08
3729    4.8e+08
3730    3.122e+08
3731    5.273e+08
3732    1.133e+08
3734    8.71e+08
3735    3.62e+07
3736    2.974e+08
3740    1.181e+08
3742    5.703e+07
3744    8.71e+08
3745    3.004e+08
3746    5.012e+08
3751    6.924e+08
3754    3.027e+08
3756    5.969e+08
3758    3.204e+08
3759    3.111e+08
3760    5.943e+08
3761    1.202e+09
3762    1.097e+09
3763    5.339e+08
3764    3.296e+08
3766    1.047e+09
3767    6.026e+08
3771    7.586e+08
3772    1.475e+07
3773    6.301e+07
3774    4.241e+08
3775    4.805e+07
3776    4.869e+08
3778    4.352e+08
3779    5.206e+07
3783    3.296e+08
3784    4.05e+08
3785    3.694e+08
3786    7.238e+08
3788    6.721e+08
3789    3.072e+08
3793    5.339e+08
3795    1.958e+08
3799    1.792e+08
3800    6.919e+08
3806    1.552e+08
3808    2.043e+08
3809    7.245e+08
3812    1.519e+08
3813    1.566e+08
3814    4.241e+08
3815    4.65e+08
3816    5.755e+08
3817    8.71e+08
3818    3.369e+08
3819    6.608e+08
3820    5.496e+08
3822    1.878e+08
3824    5.641e+08
3825    3.369e+08
3826    1.945e+08
3828    3.369e+08
3829    1.721e+08
3831    1.715e+08
3832    4.563e+08
3834    1.945e+08
3835    3.428e+08
3836    3.402e+08
3837    5.854e+08
3838    1.897e+08
3842    8.723e+08
3843    3.694e+08
3844    8.658e+08
3847    8.081e+08
3848    4.241e+08
3848    6.721e+08
3850    3.481e+08
3852    1.945e+08
3853    8.71e+08
3854    4.869e+08
3854    6.919e+08
3855    4.65e+08
3856    3.072e+08
3857    8.71e+08
3859    1.891e+08
3861    6.026e+08
3862    3.631e+08
3863    3.369e+08
3864    4.241e+08
3865    5.496e+08
3866    3.694e+08
3866    5.339e+08
3867    8.059e+08
3868    4.241e+08
3869    8.32e+08
3870    6.919e+08
3871    8.177e+08
3872    5.496e+08
3873    4.241e+08
3874    8.242e+08
3875    6.919e+08
3876    6.721e+08
3877    4.138e+07
3879    4.241e+08
3880    1.259e+09
3881    7.856e+07
3882    6.919e+08
3883    1.705e+08
3884    1e+09
3885    3.369e+08
3886    1.065e+09
3888    4.273e+08
3890    3.694e+08
3891    3.694e+08
3892    2.209e+08
3893    6.872e+08
3895    3.368e+08
3896    1.197e+08
3896    2.203e+08
3897    3.296e+08
3898    9.551e+08
3899    6.721e+08
3900    3.317e+08
3904    3.369e+08
3905    3.369e+08
3907    5.339e+08
3908    7.263e+07
3909    7.786e+08
3911    6.31e+08
3911    8.71e+08
3913    3.478e+08
3914    7.586e+08
3916    4.563e+08
3918    2.896e+08
3919    5.012e+08
3920    3.428e+08
3921    3.23e+08
3922    6.833e+08
3924    1.097e+09
3927    2.256e+08
3928    1.149e+09
3929    4.441e+08
3930    3.369e+08
3931    5.012e+08
3934    3.369e+08
3937    6.026e+08
3940    4.945e+08
3941    7.586e+08
3943    3.024e+08
3944    9.745e+08
3945    4.774e+08
3946    2.791e+08
3947    2.595e+08
3948    8.71e+08
3949    3.438e+08
3950    5.098e+08
3951    5.339e+08
3952    5.496e+08
3953    6.919e+08
3954    5.339e+08
3955    3.526e+08
3956    4.905e+08
3957    3.174e+08
3958    9.657e+08
3959    3.174e+08
3960    3.058e+08
3960    3.071e+08
3963    3.132e+08
3965    8.71e+08
3966    3.693e+08
3967    3.084e+08
3968    2.727e+08
3971    9.838e+08
3973    2.215e+08
3975    4.589e+08
3976    3.172e+08
3978    1.097e+09
3980    3.868e+08
3985    6.026e+08
3986    2.178e+08
3987    4.616e+08
3990    2.887e+08
3991    2.619e+08
3993    8.658e+08
3994    6.721e+08
3997    6.919e+08
3998    4.303e+08
4000    1.451e+09
4001    3.072e+08
4002    5.496e+08
4003    4.458e+08
4004    4.8e+08
4007    3.694e+08
4007    6.721e+08
4010    4.241e+08
4011    3.174e+08
4012    3.174e+08
4014    5.496e+08
4017    3.694e+08
4018    9.397e+08
4020    3.369e+08
4021    3.174e+08
4023    5.496e+08
4025    6.919e+08
4026    3.745e+08
4027    3.369e+08
4028    3.681e+08
4029    3.137e+08
4030    3.098e+08
4031    7.055e+08
4032    3.021e+08
4033    3.415e+08
4034    5.496e+08
4035    3.694e+08
4037    8.658e+08
4038    3.868e+08
4039    2.948e+08
4040    3.6e+08
4041    3.249e+08
4042    2.931e+08
4042    3.706e+08
4043    6.919e+08
4044    3.798e+08
4045    5.069e+08
4047    4.021e+08
4048    4.444e+08
4049    3.691e+08
4051    3.417e+08
4056    4.905e+08
4058    3.072e+08
4059    5.496e+08
4060    4.655e+08
4061    5.496e+08
4061    6.919e+08
4062    4.724e+08
4063    6.919e+08
4064    4.859e+08
4065    4.905e+08
4067    4.826e+08
4068    4.629e+08
4069    4.241e+08
4070    3.163e+08
4071    1.493e+08
4073    2.555e+08
4074    5.339e+08
4075    5.496e+08
4076    9.551e+08
4077    5.755e+08
4079    1.041e+09
4080    5.339e+08
4080    6.721e+08
4081    7.586e+08
4082    6.919e+08
4083    4.241e+08
4085    4.708e+08
4086    2.676e+08
4087    3.369e+08
4088    3.712e+08
4089    4.241e+08
4091    3.694e+08
4094    3.694e+08
4094    6.721e+08
4095    8.502e+08
4096    9.773e+08
4098    5.496e+08
4099    9.76e+08
4100    3.668e+08
4102    6.919e+08
4103    4.241e+08
4104    5.496e+08
4105    5.496e+08
4106    3.309e+08
4107    1.738e+09
4108    2.802e+08
4110    8.879e+08
4111    3.498e+08
4113    8.71e+08
4114    3.666e+08
4115    1.688e+08
4118    3.072e+08
4119    6.721e+08
4122    8.366e+08
4123    3.217e+08
4125    6.31e+08
4127    3.868e+08
4128    8.255e+08
4128    8.255e+08
4129    6.026e+08
4130    8.398e+08
4131    7.055e+08
4133    2.94e+08
4135    4.892e+08
4137    7.586e+08
4138    3.694e+08
4139    8.32e+08
4140    8.71e+08
4141    8.775e+08
4144    3.527e+08
4145    3.072e+08
4146    7.76e+08
4147    1.381e+09
4148    8.216e+08
4149    3.271e+08
4151    6.919e+08
4152    6.026e+08
4154    4.137e+08
4158    3.072e+08
4159    6.919e+08
4160    6.13e+08
4161    4.313e+08
4162    5.496e+08
4163    7.245e+08
4164    3.369e+08
4165    3.64e+08
4166    4.949e+08
4167    1.097e+09
4168    3.613e+08
4169    5.496e+08
4170    8.172e+08
4170    8.172e+08
4171    5.409e+07
4172    4.589e+08
4175    3.868e+08
4177    1.08e+08
4178    6.269e+07
4180    1.446e+08
4181    8.757e+08
4182    1.491e+07
4183    9.008e+08
4184    6.506e+08
4185    8.843e+08
4185    8.843e+08
4187    3.217e+08
4188    3.369e+08
4189    2.248e+08
4193    3.666e+08
4197    1.47e+08
4200    1.855e+08
4201    3.072e+08
4202    3.298e+08
4204    1.466e+08
4205    3.259e+08
4207    6.919e+08
4209    2.983e+08
4212    8.025e+07
4213    4.67e+07
4214    8.904e+07
4215    1.803e+08
4216    1.398e+08
4217    3.058e+08
4218    2.73e+08
4219    1.751e+08
4220    2.833e+08
4221    1.432e+08
4222    1.007e+08
4223    6.558e+08
4224    2.433e+08
4225    2.531e+08
4226    2.523e+08
4227    3.071e+08
4228    4.487e+08
4229    3.097e+08
4230    3.333e+08
4231    1.15e+08
4232    4.376e+08
4234    4.729e+08
4235    3.527e+08
4237    9.067e+07
4238    2.965e+08
4239    6.6e+08
4240    2.992e+08
4241    3.136e+08
4242    3.177e+08
4243    5.521e+08
4244    3.23e+08
4245    4.313e+08
4246    4.405e+08
4247    2.469e+07
4248    1.966e+08
4249    9.348e+07
4250    4.931e+08
4250    4.931e+08
4251    2.09e+08
4252    6.179e+08
4253    4.663e+08
4254    1.027e+08
4255    4.659e+08
4256    3.001e+08
4258    4.905e+08
4259    6.449e+08
4260    4.431e+08
4261    4.405e+08
4262    4.801e+08
4263    2.821e+07
4264    1.691e+08
4265    5.785e+08
4266    6.977e+08
4267    2.129e+08
4268    7.173e+08
4269    7.408e+08
4270    3.534e+08
4271    7.546e+08
4271    7.546e+08
4272    1.825e+08
4273    5.897e+08
4275    1.707e+08
4276    4.179e+08
4277    4.241e+08
4278    5.496e+08
4279    5.286e+08
4280    2.324e+08
4281    5.449e+08
4282    6.1e+08
4283    4.057e+08
4284    8.059e+08
4285    9.76e+08
4286    4.392e+08
4287    4.52e+08
4287    4.52e+08
4288    4.806e+08
4289    4.757e+08
4290    2.292e+08
4292    3.877e+08
4293    2.178e+08
4294    6.216e+08
4295    2.116e+08
4296    1.759e+08
4297    3.403e+08
4298    3.134e+08
4299    1.915e+08
4300    5.339e+08
4301    3.072e+08
4302    3.309e+08
4303    1.067e+08
4304    3.375e+08
4305    3.27e+08
4306    3.323e+08
4307    4.888e+08
4309    5.313e+08
4310    1.211e+08
4311    1.897e+08
4312    1.877e+08
4313    4.062e+08
4314    3.994e+08
4315    2.42e+08
4316    1.438e+07
4317    3.877e+08
4318    4.092e+08
4319    2.231e+08
4320    3.159e+08
4321    2.181e+08
4322    3.755e+08
4323    1.094e+08
4324    2.286e+08
4325    1.812e+08
4326    2.136e+08
4327    2.104e+08
4328    2.149e+08
4329    2.134e+08
4329    2.253e+08
4330    5.241e+08
4331    6.768e+08
4332    3.904e+08
4333    1.208e+08
4334    5.276e+08
4336    1.12e+08
4337    3.243e+08
4340    3.442e+08
4341    1.131e+08
4342    3.864e+08
4343    3.864e+08
4344    4.128e+08
4345    3.984e+08
4346    3.983e+08
4348    5.012e+08
4349    4.088e+08
4350    2.861e+08
4351    1.139e+08
4352    2.397e+08
4354    3.983e+08
4355    3.685e+08
4356    6.637e+08
4357    2.04e+08
4358    1.584e+08
4359    1.838e+08
4360    4.945e+08
4361    2.934e+08
4362    8.126e+07
4363    3.738e+07
4364    4.286e+08
4366    2.163e+08
4367    1.933e+08
4368    4.866e+08
4369    8.609e+08
4370    8.289e+08
4371    3.743e+08
4372    3.369e+08
4373    3.983e+08
4374    3.016e+08
4377    1.17e+08
4378    1.891e+08
4379    2.676e+08
4380    3.481e+08
4382    4.177e+08
4384    4.728e+08
4386    9.299e+07
4387    3.312e+08
4388    1.851e+08
4389    4.629e+08
4390    1.028e+08
4391    1.28e+08
4393    1.227e+08
4395    4.971e+08
4396    4.683e+08
4397    2.059e+08
4398    5.744e+08
4399    4.941e+08
4401    3.111e+08
4402    7.651e+07
4403    1.991e+08
4405    4.99e+08
4408    4.173e+08
4409    4.674e+08
4410    2.676e+08
4413    4.273e+08
4414    3.981e+08
4414    6.31e+08
4415    3.217e+08
4416    7.12e+08
4417    6.519e+08
4418    4.866e+08
4419    7.586e+08
4420    2.031e+08
4421    1.608e+08
4422    4.098e+08
4423    4.13e+08
4425    4.124e+08
4426    6.717e+08
4427    4.082e+08
4428    3.369e+08
4429    6.782e+08
4430    1.293e+08
4431    1.911e+08
4432    4.379e+08
4433    7.068e+08
4434    6.977e+08
4435    4.26e+08
4436    4.426e+08
4438    4.441e+08
4439    2.934e+08
4440    2.555e+08
4442    1.961e+08
4443    3.217e+08
4444    9.598e+07
4445    1.878e+08
4446    4.181e+08
4447    1.99e+08
4448    2.093e+08
4449    4.241e+08
4450    4.14e+08
4451    1.559e+08
4452    2.001e+08
4453    1.693e+08
4454    6.419e+08
4456    3.369e+08
4457    6.026e+08
4459    3.925e+08
4460    3.956e+08
4461    4.081e+08
4462    4.01e+08
4463    4.892e+08
4464    2.048e+08
4465    3.868e+08
4466    6.532e+08
4467    7.245e+08
4468    1.191e+08
4469    2.691e+08
4470    3.045e+08
4472    1.28e+08
4473    2.676e+08
4473    2.676e+08
4474    4.154e+08
4475    4.062e+08
4476    1.227e+08
4477    6.192e+08
4478    2.462e+08
4479    6.142e+08
4480    4.075e+08
4481    4.241e+08
4482    2.846e+08
4483    4.093e+08
4484    1.971e+08
4485    6.034e+08
4486    4.075e+08
4487    2.676e+08
4488    6.919e+08
4489    6.919e+08
4492    1.838e+08
4494    6.532e+08
4495    2.934e+08
4496    3.917e+08
4497    1.731e+08
4498    4.229e+08
4500    1.878e+08
4501    1.466e+08
4502    3.072e+08
4503    4.629e+08
4504    4.527e+08
4505    4.08e+08
4506    3.891e+08
4507    2.802e+08
4508    5.925e+08
4508    5.925e+08
4509    1.359e+08
4512    3.943e+08
4514    4.111e+08
4515    4.194e+08
4516    6.178e+08
4517    2.356e+08
4518    2.091e+08
4518    2.091e+08
4518    2.091e+08
4519    4.115e+08
4520    4.062e+08
4521    4.339e+08
4522    1.306e+08
4523    2.194e+08
4524    2.802e+08
4525    4.353e+08
4526    6.034e+08
4527    2.276e+08
4528    4.186e+08
4529    2.343e+08
4530    4.241e+08
4531    5.249e+08
4532    2.555e+08
4533    4.555e+08
4534    2.197e+08
4535    3.996e+08
4536    1.097e+08
4537    3.802e+08
4538    1.122e+08
4539    8.085e+08
4541    2.084e+08
4542    3.217e+08
4542    4.194e+08
4543    2.979e+08
4545    1.199e+08
4546    4.694e+08
4547    4.614e+08
4548    8.528e+08
4549    4.102e+08
4553    2.48e+08
4554    4.76e+08
4555    1.196e+08
4556    4.537e+08
4557    2.934e+08
4558    2.555e+08
4559    4.602e+08
4560    8.58e+08
4561    4.51e+08
4562    2.554e+08
4562    2.58e+08
4563    1.905e+08
4564    2.564e+08
4565    2.581e+08
4566    2.528e+08
4567    2.591e+08
4568    4.228e+08
4569    4.426e+08
4570    4.337e+08
4571    2.185e+08
4572    4.39e+08
4573    3.164e+08
4574    4.299e+08
4575    3.032e+08
4576    2.992e+08
4577    3.124e+08
4578    2.06e+08
4579    3.111e+08
4580    4.311e+08
4581    4.492e+08
4582    1.003e+08
4583    2.78e+08
4584    1.631e+08
4585    1.657e+08
4587    5.882e+08
4588    7.029e+08
4590    6.637e+08
4595    1.548e+08
4596    3.402e+08
4597    1.931e+08
4598    1.612e+08
4600    4.05e+08
4607    5.339e+08
4607    5.496e+08
4608    1.325e+08
4609    4.8e+08
4610    4.299e+08
4611    3.943e+08
4612    4.234e+08
4614    4.352e+08
4617    4.839e+08
4618    1.363e+08
4619    4.563e+08
4620    4.602e+08
4621    4.228e+08
4623    4.207e+08
4624    4.366e+08
4627    4.602e+08
4630    4.622e+08
4633    1.307e+08
4635    1.437e+08
4638    3.927e+08
4639    7.577e+08
4640    2.152e+08
4641    2.366e+08
4644    2.183e+08
4645    4.787e+08
4646    1.433e+08
4647    2.164e+08
4649    3.983e+08
4652    1.806e+08
4653    8.533e+07
4654    2.349e+08
4656    2.098e+08
4660    5.374e+07
4661    2.192e+08
4662    6.674e+08
4662    7.958e+06
4664    2.233e+08
4669    3.871e+08
4672    2.25e+08
4674    1.919e+08
4676    2.802e+08
4679    1.602e+08
4680    1.933e+08
4682    2.342e+08
4686    2.198e+08
4687    2.305e+08
4688    2.693e+08
4689    2.337e+08
4691    2.767e+08
4692    2.133e+08
4694    1.107e+08
4696    1.499e+08
4697    2.183e+08
4698    1.838e+08
4702    2.037e+08
4704    1.641e+08
4705    1.314e+08
4708    3.64e+08
4709    2.25e+08
4710    3.262e+07
4712    1.626e+08
4713    2.468e+08
4714    1.669e+08
4716    3.369e+08
4717    1.403e+08
4718    1.668e+08
4719    1.415e+08
4720    9.576e+07
4721    2.716e+08
4721    9.852e+07
4722    2.17e+08
4723    1.479e+08
4724    1.759e+08
4726    1.99e+08
4727    1.954e+08
4728    2.079e+08
4729    1.963e+08
4730    1.989e+08
4731    2.004e+08
4734    2.044e+08
4735    2.037e+08
4736    2.97e+08
4737    2.159e+08
4738    2.119e+08
4739    2.33e+08
4740    2.515e+08
4741    2.195e+08
4742    2.128e+08
4743    2.131e+08
4744    5.089e+08
4745    2.098e+08
4746    5.496e+08
4747    2.393e+08
4748    2.061e+08
4749    1.949e+08
4750    2.13e+08
4751    2.126e+08
4752    2.276e+08
4753    1.658e+08
4754    2.193e+08
4755    2.064e+08
4757    1.517e+08
4758    2.14e+08
4759    2.197e+08
4760    2.29e+08
4761    2.212e+08
4763    2.928e+08
4764    1.725e+08
4765    2.068e+08
4766    2.214e+08
4767    1.591e+08
4769    1.993e+08
4770    2.233e+08
4771    2.143e+08
4772    3.151e+08
4773    1.816e+08
4774    4.555e+08
4775    1.566e+08
4777    2.451e+08
4778    2.21e+08
4779    2.237e+08
4780    2.78e+08
4781    2.064e+08
4782    1.276e+08
4783    2.079e+08
4784    2.162e+08
4785    1.523e+08
4786    3.217e+08
4787    1.875e+08
4788    1.785e+08
4789    1.341e+08
4790    1.902e+08
4791    5.012e+08
4792    2.125e+08
4793    1.984e+08
4794    2.329e+08
4795    2.051e+08
4796    1.331e+08
4797    1.062e+08
4798    2.008e+08
4799    5.347e+07
4800    2.027e+08
4801    1.961e+08
4803    2.203e+08
4803    2.203e+08
4803    2.203e+08
4804    1.938e+08
4805    1.971e+08
4806    1.956e+08
4807    1.557e+08
4808    2.226e+08
4809    3.631e+08
4810    1.445e+08
4811    2.064e+08
4813    1.955e+08
4814    1.971e+08
4815    1.612e+08
4816    5.339e+08
4817    1.368e+08
4818    2.555e+08
4819    8.138e+07
4820    1.744e+08
4821    1.187e+08
4822    2.125e+08
4823    4.924e+08
4823    4.924e+08
4824    4.037e+07
4825    2.802e+08
4826    1.519e+08
4827    1.786e+08
4828    1.724e+08
4829    1.524e+08
4830    2.006e+08
4831    1.707e+08
4832    1.512e+08
4833    1.586e+08
4834    1.938e+08
4835    2.144e+08
4836    2.046e+08
4837    1.161e+08
4837    1.75e+08
4838    1.906e+08
4839    2.454e+08
4840    1.802e+08
4841    2.03e+08
4842    1.81e+08
4843    1.772e+08
4844    1.572e+08
4845    1.735e+08
4847    1.896e+08
4848    2.03e+08
4849    4.114e+08
4851    1.974e+08
4852    2e+08
4853    2.03e+08
4855    1.837e+08
4856    1.398e+08
4858    2.069e+08
4859    2.276e+08
4860    2.143e+08
4861    2.276e+08
4862    2.321e+08
4864    2.694e+08
4866    1.842e+08
4867    1.816e+08
4869    7.704e+07
4870    3.734e+07
4872    8.504e+07
4873    2.528e+08
4874    2.502e+08
4875    1.426e+08
4876    2.485e+08
4877    1.768e+08
4878    2.396e+08
4879    2.356e+08
4880    2.326e+08
4881    2.13e+08
4882    1.768e+08
4883    1.972e+08
4884    1.851e+08
4885    1.878e+08
4886    5.729e+08
4887    1.47e+08
4888    1.108e+08
4890    2.377e+08
4891    9.079e+07
4892    1.796e+08
4893    6.026e+08
4894    3.735e+08
4896    2.555e+08
4897    5.733e+08
4899    1.877e+08
4900    3.694e+08
4900    5.339e+08
4901    9.188e+07
4902    3.527e+08
4903    2.33e+08
4904    1.938e+08
4905    7.055e+08
4906    1.642e+08
4907    6.637e+08
4908    2.34e+08
4909    3.556e+08
4910    2.802e+08
4911    4.45e+08
4912    2.724e+08
4913    1.612e+08
4914    3.309e+08
4915    6.813e+08
4916    2.148e+08
4917    6.545e+08
4917    6.545e+08
4918    1.114e+09
4919    2.126e+08
4920    4.441e+08
4921    2.44e+08
4923    2.935e+08
4925    5.457e+08
4926    2.403e+08
4927    2.729e+08
4928    5.785e+08
4929    1.863e+08
4931    2.567e+08
4932    6.232e+08
4933    2.117e+08
4934    1.503e+08
4935    1.994e+08
4936    1.738e+08
4937    2.03e+08
4938    1.607e+08
4939    1.654e+08
4941    2.676e+08
4942    3.868e+08
4943    1.327e+08
4944    2.51e+08
4946    1.229e+08
4947    6.208e+08
4950    1.896e+08
4951    3.235e+07
4952    1.863e+08
4953    4.102e+08
4956    2.239e+08
4957    4.352e+08
4958    1.772e+08
4960    1.527e+08
4961    2.473e+08
4962    1.523e+08
4963    1.956e+08
4964    1.387e+08
4965    7.301e+08
4967    1.775e+08
4968    1.546e+08
4969    2.226e+08
4970    2.085e+08
4971    1.984e+08
4972    1.598e+08
4973    5.076e+08
4974    4.865e+08
4974    4.865e+08
4975    4.134e+08
4976    4.865e+08
4978    1.945e+08
4979    2.125e+08
4980    1.975e+08
4981    1.661e+08
4982    2.74e+08
4983    2.859e+08
4984    6.82e+08
4985    1.957e+08
4986    9.548e+07
4987    5.514e+08
4989    2.714e+08
4990    5.746e+08
4992    1.838e+08
4993    4.971e+08
4994    2.581e+08
4995    2.038e+08
4999    1.288e+08
5001    2.33e+08
5002    2.001e+08
5005    1.27e+08
5008    1.606e+08
5009    1.766e+08
5010    4.708e+08
5011    1.015e+08
5012    2.793e+08
5013    9.331e+07
5014    1.732e+08
5016    6.755e+08
5017    3.312e+08
5018    2.886e+08
5020    1.278e+08
5021    1.519e+08
5022    2.676e+08
5023    1.426e+08
5024    1.679e+08
5025    2.885e+08
5026    2.676e+08
5027    4.905e+08
5028    7.206e+07
5031    4.576e+08
5032    4.573e+08
5033    3.084e+08
5034    4.795e+08
5035    3.217e+08
5036    1.533e+08
5037    3.151e+08
5038    1.814e+08
5040    3.802e+08
5042    1.839e+08
5043    6.113e+08
5044    4.366e+08
5045    2.44e+08
5046    1.104e+08
5047    1.107e+08
5048    5.956e+08
5049    2.884e+08
5049    3.631e+08
5050    3.577e+08
5051    5.89e+08
5052    3.618e+07
5053    1.846e+08
5054    1.892e+08
5055    2.226e+08
5059    1.44e+08
5060    1.9e+08
5063    1.453e+08
5064    1.441e+08
5065    4.263e+08
5066    2.226e+08
5069    1.256e+08
5071    1.371e+08
5072    2.802e+08
5073    5.234e+08
5074    2.13e+08
5075    1.768e+08
5077    2.934e+08
5078    8.43e+07
5080    4.169e+08
5081    2.676e+08
5083    5.654e+08
5084    1.853e+08
5085    5.076e+08
5086    2.543e+08
5087    2.125e+08
5088    5.038e+08
5089    4.194e+08
5090    4.026e+08
5091    3.217e+08
5092    1.502e+08
5093    6.021e+08
5094    4.471e+08
5095    5.483e+08
5096    1.329e+08
5099    5.693e+08
5100    2.231e+08
5101    2.26e+08
5102    1.938e+08
5103    2.125e+08
5104    2.072e+08
5105    1.01e+08
5105    2.156e+08
5105    2.313e+08
5106    1.682e+08
5107    2.276e+08
5108    4.958e+08
5109    3.943e+08
5110    3.861e+08
5111    3.349e+08
5115    4.813e+08
5116    1.662e+08
5118    2.676e+08
5119    2.223e+08
5122    4.523e+08
5123    4.16e+08
5124    4.668e+08
5125    2.157e+08
5126    3.124e+08
5128    2.009e+08
5129    7.655e+08
5130    3.468e+08
5131    1.077e+08
5138    3.633e+08
5139    2.271e+08
5140    1.728e+08
5141    1.896e+08
5142    2.329e+08
5144    4.009e+08
5145    3.131e+08
5147    2.403e+08
5149    2.317e+08
5151    3.745e+08
5152    6.958e+06
5154    1.386e+08
5156    1.117e+08
5157    1.867e+08
5158    1.572e+08
5160    2.555e+08
5161    3.56e+08
5162    7.739e+07
5165    1.938e+08
5168    2.145e+08
5169    1.23e+08
5170    6.078e+07
5171    1.106e+08
5172    4.747e+08
5173    1.41e+08
5173    3.072e+08
5174    4.852e+08
5175    4.671e+08
5176    1.012e+08
5177    3.447e+08
5178    2.235e+08
5180    2.656e+08
5181    7.945e+07
5182    3.981e+08
5184    1.611e+08
5185    2.03e+08
5186    2.08e+08
5187    1.851e+08
5188    1.975e+08
5190    3.468e+08
5191    2.912e+08
5192    3.369e+08
5193    4.366e+08
5195    6.608e+08
5196    2.555e+08
5197    3.587e+08
5199    2.132e+08
5200    3.369e+08
5201    3.119e+07
5202    4.774e+08
5203    2.053e+08
5205    3.369e+08
5206    2.44e+08
5207    2.976e+08
5208    2.661e+08
5209    3.732e+08
5210    3.292e+08
5211    3.159e+08
5212    3.59e+08
5213    3.072e+08
5214    2.33e+08
5215    2.934e+08
5218    2.226e+08
5219    3.217e+08
5220    2.144e+08
5221    5.249e+08
5222    1.363e+08
5223    2.555e+08
5224    7.103e+07
5226    2.555e+08
5227    1.409e+08
5229    2.226e+08
5230    5.51e+08
5231    3.475e+08
5232    2.555e+08
5233    3.138e+08
5234    2.44e+08
5235    1.065e+08
5236    2.555e+08
5238    3.455e+08
5240    6.893e+07
5241    3.478e+08
5242    3.034e+08
5243    3.033e+08
5244    1.482e+08
5245    1.453e+08
5246    1.413e+08
5247    1.519e+08
5249    9.865e+07
5250    1.413e+08
5250    1.413e+08
5252    1.655e+08
5253    3.007e+08
5254    3.143e+08
5256    3.81e+07
5257    5.23e+08
5258    3.3e+08
5261    1.355e+08
5262    3.72e+08
5262    3.72e+08
5263    1.718e+08
5264    7.922e+07
5265    9.687e+07
5266    1.369e+08
5267    1.013e+08
5267    5.677e+07
5267    6.305e+07
5269    1.164e+08
5269    6.795e+07
5269    8.285e+07
5269    8.987e+07
5270    8.154e+07
5271    7.795e+07
5272    1.486e+08
5273    6.599e+07
5274    4.414e+08
5276    4.365e+08
5277    3.981e+08
5278    1.546e+08
5279    1.684e+08
5280    2.226e+08
5282    3.192e+08
5283    2.021e+08
5284    1.578e+08
5285    2.59e+08
5286    3.694e+08
5287    4.318e+08
5288    3.883e+08
5289    4.958e+08
5291    5.405e+08
5292    2.051e+08
5293    2.555e+08
5295    3.467e+08
5296    3.451e+08
5297    3.6e+08
5298    3.501e+08
5299    3.072e+08
5300    2.934e+08
5301    2.555e+08
5302    2.125e+08
5304    4.26e+08
5305    4.642e+08
5306    2.802e+08
5307    9.121e+08
5309    1.904e+08
5310    3.455e+08
5312    4.883e+08
5314    4.787e+08
5315    1.825e+08
5316    6.31e+08
5317    5.116e+08
5319    5.365e+08
5320    2.33e+08
5321    1.137e+08
5322    1.891e+08
5323    1.722e+08
5324    1.741e+08
5325    5.61e+07
5326    3.212e+08
5327    2.69e+08
5328    1.205e+08
5328    1.286e+08
5328    1.744e+08
5329    2.387e+08
5331    2.419e+08
5332    1.956e+07
5334    8.31e+07
5335    2.226e+08
5336    3.369e+08
5336    3.369e+08
5337    7.263e+08
5338    7.257e+08
5339    5.45e+08
5341    3.935e+08
5342    4.171e+08
5343    3.547e+08
5345    3.56e+08
5346    4.366e+08
5347    5.208e+08
5349    3.233e+08
5350    3.482e+08
5351    2.623e+08
5352    2.952e+08
5353    3.517e+08
5354    3.514e+08
5354    3.514e+08
5355    2.023e+08
5356    2.514e+08
5357    2.951e+08
5358    3.731e+08
5358    3.731e+08
5359    2.935e+08
5363    3.482e+08
5364    4.009e+08
5364    4.009e+08
5367    4.869e+08
5368    6.31e+08
5369    4.353e+08
5370    4.589e+08
5371    4.154e+08
5372    4.576e+08
5373    4.339e+08
5374    3.823e+08
5375    3.885e+08
5376    2.102e+08
5377    3.132e+07
5378    2.44e+08
5378    2.884e+08
5379    2.669e+08
5380    2.676e+08
5381    4.849e+08
5382    3.891e+08
