31       2.573e+06
32       2.763e+06
33       2.814e+06
49       4.983e+07
51       2.447e+07
58       6.947e+07
59       5.368e+07
60       7.282e+07
61       8.506e+07
63       3.302e+07
64       2.393e+07
65       5.133e+07
66       3.388e+07
74       2.031e+07
77       6.197e+07
81       1.201e+07
82       1.21e+07
83       1.579e+07
84       5.699e+07
85       4.635e+07
86       5.235e+07
87       5.262e+07
88       5.757e+07
89       5.14e+07
90       5.5e+07
91       5.192e+07
94       1.945e+07
95       3.265e+07
96       3.501e+07
98       6.247e+07
99       1.217e+08
100      5.37e+07
101      2.458e+07
102      4.382e+07
104      3.54e+07
105      3.549e+07
106      2.537e+07
108      3.876e+07
109      1.21e+08
110      2.481e+06
