      5 5370
     24 5371
     36 5373
     79 5374
     80 5375
    102 5376
    117 1526
    156 5377
    164 1527
    177 5378
    178 5378
    185 5379
    188 5380
    212 5381
    236 5382
    287 5384
    364 1529
    485 5386
    569 1530
    684 1531
    695 1532
    778 0002
    836 0003
    897 0004
    910 1534
    922 1535
    949 1536
   1050 1537
   1145 0005
   1194 1539
   1216 0007
   1228 0006
   1234 0008
   1271 0009
   1276 1540
   1287 1541
   1299 0012
   1301 0013
   1305 0010
   1328 1542
   1333 1543
   1362 1544
   1382 1546
   1407 1548
   1464 1549
   1533 1550
   1700 1551
   1730 0016
   1753 0017
   1755 0020
   1759 0018
   1762 0019
   1785 0021
   1815 0022
   1817 1552
   1872 0023
   1905 0025
   1977 1553
   2000 1554
   2010 0026
   2042 0029
   2050 0030
   2062 0031
   2071 1555
   2096 0032
   2101 0033
   2131 1557
   2134 0034
   2142 1558
   2201 1559
   2246 0035
   2299 0037
   2305 1561
   2308 1562
   2311 0038
   2332 1563
   2342 1564
   2349 0039
   2372 1565
   2376 0040
   2395 0041
   2404 1568
   2430 1569
   2440 1571
   2463 0042
   2521 1573
   2527 0044
   2536 0043
   2537 0045
   2575 0046
   2578 1574
   2601 1575
   2603 0048
   2617 0049
   2630 1576
   2637 1578
   2667 1579
   2676 1581
   2698 0050
   2701 1582
   2710 0051
   2760 1583
   2764 1585
   2766 1584
   2813 1586
   2834 0052
   2852 1587
   2951 0053
   2965 1588
   3014 0056
   3025 0055
   3035 0056
   3054 1591
   3139 1592
   3144 1597
   3161 1594
   3162 1595
   3210 1599
   3217 1598
   3219 1596
   3229 0057
   3253 1600
   3257 0058
   3287 1601
   3306 1602
   3401 1603
   3408 0061
   3436 1605
   3507 0062
   3512 1607
   3549 1608
   3550 0064
   3567 1609
   3606 0066
   3635 0065
   3666 0069
   3673 0071
   3681 1610
   3812 1615
   3818 1617
   3842 0073
   3844 1613
   3846 1616
   3897 0074
   3899 1618
   3915 1621
   3959 0075
   3960 1620
   3975 1619
   3997 1622
   4001 1625
   4007 1623
   4008 1623
   4027 1627
   4035 0076
   4036 1630
   4068 1631
   4071 0080
   4072 0080
   4075 1628
   4079 0078
   4082 0079
   4103 0082
   4122 1629
   4127 0081
   4149 1633
   4182 0083
   4227 1637
   4231 1635
   4232 1634
   4265 0084
   4280 1636
   4292 1639
   4298 1649
   4299 1640
   4328 1643
   4334 1650
   4338 1638
   4357 1646
   4390 1647
   4417 1648
   4419 1664
   4440 1657
   4454 0087
   4455 0088
   4498 1652
   4512 1653
   4520 1654
   4550 1656
   4561 1658
   4578 0089
   4584 1659
   4594 1661
   4606 0090
   4707 1670
   4711 1670
   4712 1668
   4724 0093
   4746 1674
   4780 0092
   4782 1666
   4802 1669
   4848 1672
   4855 1673
   4869 0098
   4871 1676
   4875 1678
   4876 1675
   4891 1677
   4916 1681
   4944 1679
   4956 1680
   4983 1682
   4997 0099
   5008 1683
   5029 0100
   5060 1686
   5074 1687
   5108 1689
   5110 1690
   5147 0101
   5172 0102
   5192 0103
   5203 1692
   5205 0108
   5206 0105
   5210 0106
   5221 1694
   5231 1696
   5238 1697
   5245 1695
   5250 0107
   5251 0109
   5261 1698
   5271 1700
   5309 1701
   5321 1702
   5328 0112
   5343 0114
   5351 1703
   5377 1705
   5389 0116
   5395 0115
   5411 1704
   5433 1706
   5446 0118
   5465 0119
   5483 1709
   5484 0120
   5492 0121
   5524 0123
   5560 0125
   5577 0126
   5581 0127
   5634 1710
   5643 1711
   5659 0128
   5663 1712
   5671 0130
   5675 0129
   5746 1713
   5765 0141
   5771 0138
   5805 1715
   6020 1719
   6027 0144
   6068 1718
   6083 0146
   6084 0145
   6164 0147
   6180 1720
   6235 1721
   6316 0150
   6319 1722
   6328 1724
   6332 1723
   6368 0152
   6432 1725
   6439 0154
   6441 1726
   6448 0156
   6505 0159
   6511 0160
   6574 1727
   6584 1728
   6598 1729
   6643 0162
   6666 0164
   6675 0163
   6679 1734
   6732 1730
   6756 1731
   6759 0165
   6763 0168
   6777 1739
   6796 1733
   6803 1735
   6805 1732
   6814 1736
   6832 1738
   6833 0167
   6890 0170
   6900 1741
   6982 1743
   6996 1742
   7019 1744
   7076 1746
   7116 0172
   7139 0171
   7217 0173
   7229 1748
   7235 1749
   7249 0174
   7250 1751
   7261 0175
   7266 1750
   7306 0176
   7326 0177
   7328 1756
   7337 1752
   7341 1755
   7353 1753
   7393 1762
   7400 1759
   7484 1761
   7488 0178
   7514 1763
   7538 0183
   7554 0184
   7556 0182
   7558 0180
   7559 0181
   7568 1767
   7576 0185
   7581 0179
   7599 0186
   7600 0186
   7603 1764
   7636 1768
   7645 1769
   7657 1765
   7683 0187
   7694 1766
   7716 0189
   7731 0190
   7737 1771
   7751 1770
   7763 0191
   7765 0193
   7768 0192
   7781 1772
   7812 0194
   7846 0195
   7856 0196
   7863 1774
   7873 1773
   7875 0197
   7952 1776
   7958 1775
   8011 0198
   8021 1777
   8026 0199
   8039 1779
   8064 0200
   8067 1781
   8070 1780
   8093 1782
   8098 0205
   8100 0204
   8101 0202
   8167 0208
   8200 0209
   8232 0210
   8238 0206
   8251 0207
   8279 1783
   8360 0211
   8527 0212
   8556 0213
   8562 0214
   8566 0215
   8649 1788
   8662 1786
   8673 0217
   8673 1787
   8676 1784
   8682 1785
   8716 0218
   8752 1790
   8758 1791
   8766 1789
   8813 0219
   8839 1792
   8847 0220
   8963 1794
   8969 1793
   8998 0223
   9035 0221
   9036 0222
   9041 1796
   9148 0224
   9205 1797
   9283 0225
   9300 0228
   9373 0226
   9383 0227
   9392 1801
   9432 1799
   9436 0230
   9462 1803
   9477 1810
   9486 1812
   9514 0231
   9545 1808
   9547 1807
   9555 1811
   9567 1813
   9571 1814
   9588 0232
   9610 0233
   9613 0234
   9616 1809
   9634 1816
   9698 0235
   9742 0237
   9757 1817
   9794 1815
   9835 0238
   9858 1819
   9866 1820
   9898 1821
   9899 0239
   9969 0241
  10009 0243
  10013 1823
  10026 0240
  10031 1825
  10032 0245
  10041 1826
  10061 0244
  10087 1827
  10100 0247
  10116 0246
  10127 1828
  10162 0250
  10172 0249
  10184 0251
  10197 0248
  10205 1833
  10216 1832
  10226 0253
  10228 0254
  10267 1834
  10306 1836
  10315 1837
  10333 1840
  10342 1835
  10389 1838
  10394 1839
  10428 1842
  10429 1843
  10442 1841
  10448 1844
  10540 0255
  10573 1846
  10580 1847
  10582 1849
  10595 1853
  10647 1856
  10660 1852
  10664 0261
  10665 1859
  10671 1858
  10684 1854
  10707 1860
  10715 1857
  10721 0258
  10729 0257
  10730 0259
  10812 0260
  10850 0262
  10858 1862
  10905 1861
  10925 1864
  10932 0267
  10978 0265
  10992 1866
  10997 1863
  11002 0266
  11032 0268
  11033 0269
  11035 1865
  11061 0270
  11070 1867
  11078 0271
  11086 0272
  11156 0273
  11202 1870
  11224 1869
  11264 0276
  11336 0277
  11401 0279
  11414 0278
  11495 1877
  11525 1878
  11528 1878
  11539 0283
  11541 1873
  11542 1879
  11549 1875
  11557 0285
  11577 1876
  11581 0281
  11643 0284
  11652 1874
  11656 1880
  11665 1885
  11699 0291
  11702 0288
  11718 1882
  11722 1896
  11724 1886
  11750 1892
  11789 1881
  11807 1895
  11817 0290
  11817 1884
  11837 1890
  11846 0292
  11846 1887
  11851 1898
  11857 1894
  11866 1897
  11873 0293
  11878 0294
  11890 0298
  11930 1899
  11972 0302
  11985 0306
  11990 1903
  12017 0307
  12074 0301
  12079 1904
  12080 0304
  12083 0305
  12085 1908
  12124 1900
  12136 1901
  12138 1906
  12141 0309
  12150 1902
  12171 0310
  12172 1912
  12177 0311
  12212 1909
  12279 0312
  12342 0314
  12346 0317
  12364 0315
  12390 1914
  12404 1913
  12405 1907
  12435 1915
  12482 1916
  12532 0318
  12558 0313
  12576 0316
  12578 0316
  12715 1920
  12742 0321
  12749 1922
  12753 1923
  12781 1924
  12790 1926
  12799 1929
  12807 1933
  12817 1932
  12819 0320
  12820 0322
  12825 1919
  12833 1935
  12834 1918
  12846 0324
  12847 1936
  12856 1937
  12874 1938
  12884 1928
  12896 1940
  12908 1942
  12950 1931
  12970 1945
  12972 1946
  12987 1944
  13027 1947
  13030 0326
  13045 1948
  13047 1949
  13048 1951
  13053 1950
  13057 0327
  13063 0328
  13086 1955
  13090 1954
  13109 0329
  13117 0330
  13119 0331
  13120 1957
  13135 1960
  13137 0332
  13144 1958
  13162 1965
  13163 1959
  13171 1952
  13173 1964
  13175 1961
  13184 1953
  13206 1966
  13236 1968
  13277 0335
  13279 1956
  13283 1962
  13295 1971
  13303 1969
  13309 1973
  13310 1972
  13322 1970
  13325 1974
  13345 1980
  13350 1978
  13355 1976
  13373 0338
  13378 1982
  13382 1967
  13464 0340
  13487 1984
  13495 0343
  13502 1987
  13520 1981
  13521 1986
  13536 1977
  13544 1983
  13552 0345
  13568 0344
  13575 0346
  13581 1989
  13622 0347
  13731 0350
  13734 1991
  13740 1997
  13755 1996
  13759 0334
  13795 1994
  13826 0342
  13840 1993
  13861 1999
  13912 2000
  13978 1998
  13986 2004
  13995 2010
  13999 2051
  14027 2012
  14041 2009
  14052 0355
  14065 2002
  14077 2006
  14106 2007
  14106 2008
  14108 2014
  14140 2017
  14168 2005
  14173 2018
  14184 2015
  14203 2022
  14211 2020
  14229 2021
  14238 2023
  14249 2024
  14257 2025
  14298 2029
  14299 2028
  14322 2016
  14324 2019
  14382 0358
  14384 0357
  14389 2026
  14469 2034
  14473 2027
  14481 2032
  14491 2033
  14497 2054
  14508 0356
  14521 2037
  14553 2038
  14558 2035
  14560 2039
  14586 2036
  14623 2043
  14624 2044
  14628 2046
  14636 2049
  14653 0359
  14656 2041
  14670 2040
  14704 2050
  14722 2045
  14729 2052
  14773 2056
  14782 0362
  14823 2060
  14824 2058
  14847 0363
  14854 0364
  14860 0365
  14887 0366
  14910 2059
  14917 0367
  14943 2065
  14962 2057
  14994 0368
  15019 2066
  15020 0369
  15029 0370
  15048 2070
  15088 2071
  15102 2073
  15106 2068
  15200 2079
  15231 2081
  15239 2082
  15335 0373
  15339 2083
  15348 2075
  15366 0376
  15388 2085
  15392 2086
  15398 0380
  15428 0379
  15447 2077
  15474 0374
  15487 2089
  15488 2062
  15691 0382
  15746 0385
  15758 2103
  15769 0386
  15831 0387
  15840 0389
  15844 0390
  15917 0381
  15969 2093
  15973 0392
  16028 0393
  16067 2095
  16095 0395
  16134 2097
  16144 2098
  16146 2099
  16187 2101
  16197 2102
  16367 2104
  16373 2106
  16396 2108
  16402 0391
  16423 0396
  16433 0398
  16499 2113
  16534 2112
  16582 0399
  16672 0401
  16742 0402
  16935 0404
  17056 0407
  17081 2122
  17105 0409
  17110 2121
  17130 0411
  17179 0414
  17180 0412
  17180 2123
  17181 0413
  17181 2124
  17229 0416
  17238 2125
  17402 2130
  17407 0421
  17409 0422
  17415 2132
  17430 2142
  17433 2135
  17433 2136
  17463 2137
  17463 2138
  17580 0433
  17625 2133
  17662 2147
  17810 2143
  18000 2150
  18040 2151
  18047 0438
  18092 2160
  18148 2152
  18212 2153
  18258 2154
  18315 0441
  18388 2158
  18424 2164
  18751 2163
  18807 0440
  19064 2166
  19306 0442
  19328 0445
  19526 2171
  19554 0449
  19643 0452
  19725 0454
  19756 0450
  19775 0451
  19981 2175
  19993 0456
  20193 2176
  20196 2178
  20252 2174
  20272 0457
  20306 0458
  20311 0459
  20319 0461
  20332 0462
  20332 0464
  20344 2180
  20357 0465
  20417 2181
  20516 2179
  20857 2187
  20858 2186
  20889 2185
  21057 2202
  21062 2200
  21075 2200
  21123 2184
  21144 2190
  21163 2191
  21164 0467
  21276 2193
  21285 2194
  21298 2198
  21300 2196
  21328 2199
  21334 0455
  21372 2201
  21555 2203
  21581 2204
  21659 0471
  21665 0472
  21749 0474
  21773 2205
  21795 0475
  21796 0476
  21918 2207
  22037 0477
  22109 0478
  22138 0479
  22188 0480
  22213 0469
  22232 2209
  22314 2211
  22371 2212
  22372 2213
  22374 0481
  22377 0487
  22409 0482
  22417 2214
  22419 0484
  22443 0485
  22445 0486
  22476 2217
  22509 2218
  22565 2219
  22607 0490
  22631 0491
  22700 2222
  22708 2225
  22724 0492
  22747 2226
  22755 0494
  22786 2228
  22795 0493
  22841 0495
  22895 0498
  22903 0496
  22918 0497
  22944 2230
  22950 2231
  23011 0500
  23028 2232
  23071 2233
  23078 2239
  23176 2248
  23204 2253
  23206 2254
  23214 2256
  23266 2267
  23273 2268
  23278 2269
  23283 2271
  23304 2311
  23305 0501
  23333 2282
  23333 2283
  23334 2290
  23342 2288
  23352 2293
  23415 2308
  23416 2309
  23417 2307
  23447 2327
  23469 0502
  23474 0503
  23483 2329
  23495 0504
  23528 0505
  23529 2336
  23536 0506
  23542 2338
  23544 2340
  23546 2339
  23552 2341
  23579 2367
  23589 2348
  23616 0507
  23630 2359
  23646 2361
  23650 2363
  23672 2375
  23673 2365
  23678 2369
  23681 2377
  23683 2379
  23695 2373
  23758 2374
  23762 0508
  23764 2376
  23771 2378
  23777 2380
  23787 2382
  23829 2383
  23936 0509
  23940 0510
  23983 0513
  24062 2384
  24103 2385
  24119 0514
  24125 0515
  24155 0516
  24179 0517
  24299 2387
  24365 2388
  24389 0519
  24397 0511
  24434 2390
  24559 2392
  24602 0499
  24658 0521
  24664 2398
  24669 2393
  24678 2394
  24709 2399
  24711 2389
  24714 2400
  24720 2402
  24721 2406
  24725 2404
  24726 2407
  24728 2401
  24741 2410
  24748 2409
  24755 2411
  24766 2405
  24811 2414
  24883 2420
  24948 0523
  24970 0520
  24996 2421
  24998 2422
  25009 0522
  25021 2423
  25134 2424
  25198 0524
  25208 2426
  25330 2427
  25344 0525
  25401 0526
  25423 2428
  25446 2429
  25451 0512
  25467 2430
  25476 2431
  25479 2432
  25514 2433
  25518 2437
  25571 2435
  25609 2434
  25783 0528
  25821 0527
  25843 2442
  25844 2441
  25908 2443
  25969 2444
  25985 2445
  26002 2446
  26101 0530
  26119 2451
  26129 2452
  26131 2453
  26139 2454
  26258 0531
  26295 0529
  26342 2460
  26390 2461
  26471 0534
  26485 2458
  26524 0535
  26557 2463
  26561 2469
  26584 2465
  26585 2464
  26629 2466
  26669 0536
  26683 2467
  26691 2468
  26707 2471
  26717 0537
  26779 2472
  26796 2482
  26810 2474
  26811 0538
  26817 2473
  26826 2481
  26851 2475
  26854 2476
  26865 2478
  26866 2479
  26883 2480
  26909 0539
  26928 2483
  26966 2487
  26968 0540
  26982 2486
  27004 0543
  27012 0542
  27121 2490
  27129 2492
  27234 0546
  27254 2491
  27293 0544
  27307 0545
  27309 0547
  27322 2493
  27455 2495
  27463 0548
  27499 2496
  27607 0550
  27622 0549
  27625 0553
  27645 0551
  27665 0552
  27668 2498
  27716 0555
  27748 2500
  27838 0556
  27866 0557
  27903 2507
  27910 0559
  27931 0558
  27936 2505
  27940 2506
  27998 0560
  28002 0561
  28011 0562
  28032 0563
  28033 0564
  28106 2508
  28147 2510
  28159 0565
  28246 2511
  28279 0566
  28283 2513
  28368 0568
  28391 0569
  28407 0570
  28445 0571
  28456 0572
  28466 2517
  28513 0573
  28569 0574
  28575 0575
  28581 2515
  28589 2516
  28603 0576
  28606 2522
  28607 2523
  28659 2518
  28660 2519
  28662 0577
  28674 0578
  28682 2520
  28702 0579
  28732 2526
  28740 2521
  28758 2524
  28788 0580
  28800 0581
  28807 2525
  28838 0582
  28839 0584
  28844 0583
  28876 2529
  28897 0585
  28906 0586
  28909 2531
  28915 2532
  28920 2527
  28948 2533
  29016 2534
  29019 2530
  29057 0588
  29127 0587
  29157 2536
  29179 2537
  29181 2538
  29203 2539
  29222 2535
  29309 2541
  29316 0590
  29334 2545
  29389 2540
  29407 2546
  29435 0591
  29453 2542
  29461 2548
  29465 0592
  29482 0593
  29485 2543
  29491 2544
  29496 0594
  29512 2554
  29555 0595
  29582 2547
  29592 2549
  29615 2550
  29621 0596
  29632 2551
  29637 2552
  29691 2555
  29727 2556
  29745 0598
  29771 0599
  29895 2558
  29898 2559
  29977 2557
  29993 2560
  30041 0600
  30086 0601
  30090 0602
  30119 2562
  30125 2563
  30147 2561
  30166 0603
  30288 2565
  30307 2570
  30308 2571
  30339 2567
  30357 2566
  30363 0605
  30371 2568
  30442 2573
  30448 0606
  30496 0607
  30500 0608
  30562 2572
  30586 2575
  30600 0609
  30634 2576
  30670 0610
  30699 0614
  30728 0613
  30729 0612
  30751 0615
  30753 2578
  30797 2577
  30814 2580
  30819 2574
  30880 2582
  30892 2579
  30938 2584
  30988 2585
  31020 2587
  31025 2586
  31033 2583
  31088 2588
  31126 2589
  31155 0618
  31159 0616
  31197 0621
  31215 0620
  31265 2596
  31302 0622
  31335 2592
  31356 0623
  31405 2594
  31426 0624
  31429 2590
  31474 2591
  31501 0626
  31513 0629
  31543 0627
  31567 0628
  31586 2597
  31636 0630
  31673 0632
  31691 0633
  31713 2598
  31799 0634
  31858 0635
  31867 0636
  31900 0637
  31988 0638
  32129 0639
  32151 2600
  32187 2601
  32278 0642
  32390 2604
  32392 0643
  32464 2608
  32465 2606
  32466 2609
  32468 2607
  32506 0649
  32514 0652
  32517 0651
  32522 0648
  32568 0646
  32587 0644
  32611 0653
  32614 2613
  32716 0654
  32758 0655
  32966 0657
  32979 0659
  33004 0658
  33017 0660
  33051 0661
  33091 0662
  33182 0663
  33191 0664
  33232 0666
  33289 2615
  33291 2616
  33292 2617
  33297 2619
  33301 2620
  33362 2622
  33418 2623
  33603 0667
  33613 0668
  33662 0669
  33667 2624
  33671 2625
  33680 0670
  33689 0671
  33724 0672
  33791 2626
  33817 0673
  33860 2627
  33982 0674
  34038 2628
  34107 0676
  34178 2634
  34199 2637
  34205 2638
  34211 0677
  34222 0678
  34250 2645
  34267 2648
  34273 2649
  34330 2661
  34333 2668
  34342 2666
  34368 2672
  34373 2674
  34387 2680
  34405 2681
  34438 2684
  34491 2694
  34510 2698
  34520 0680
  34533 2704
  34536 2703
  34572 0681
  34584 2708
  34644 2718
  34662 2720
  34772 2735
  34793 0683
  34797 2738
  34807 0683
  34811 2745
  34814 0684
  34829 2749
  34833 2744
  34857 2758
  34858 2757
  34865 2751
  34882 2759
  34887 2763
  34888 2762
  34894 2769
  34923 2777
  34924 2776
  34934 2782
  34950 0686
  34968 2786
  34969 2787
  34986 0689
  35029 0687
  35083 2804
  35136 2810
  35142 2810
  35151 0692
  35194 2819
  35196 2822
  35205 2823
  35206 0691
  35208 0693
  35222 2764
  35223 2826
  35225 2828
  35226 2829
  35240 2830
  35283 2846
  35284 2843
  35301 2850
  35302 2853
  35304 2856
  35320 2857
  35326 0694
  35327 0697
  35332 0696
  35357 2861
  35358 2867
  35364 0698
  35365 0699
  35382 0700
  35388 2871
  35406 2873
  35408 2877
  35469 2889
  35470 2887
  35488 2893
  35493 2894
  35494 0701
  35554 2913
  35557 2910
  35580 2914
  35614 2919
  35644 0705
  35658 0706
  35667 2925
  35687 2928
  35700 2930
  35708 0707
  35720 0708
  35732 2933
  35736 0709
  35739 2934
  35750 0710
  35780 0711
  35785 0712
  35837 2938
  35881 2941
  35907 0714
  35926 2943
  35958 2945
  35981 2947
  35984 2946
  36084 0717
  36102 0716
  36174 0718
  36205 0719
  36244 2949
  36287 2950
  36333 0720
  36354 0721
  36365 0722
  36384 0723
  36436 2951
  36444 0725
  36450 0724
  36508 2952
  36530 2953
  36536 0727
  36580 0728
  36603 2955
  36625 2956
  36626 0731
  36627 0729
  36658 0730
  36665 2958
  36688 0732
  36701 0734
  36702 2959
  36812 2961
  36861 0736
  36867 0737
  36895 0738
  36933 2963
  37008 0741
  37024 0740
  37042 2967
  37056 0742
  37097 0739
  37196 2969
  37219 2968
  37267 0743
  37275 2971
  37285 2972
  37304 2974
  37308 2973
  37326 2965
  37333 0744
  37339 0745
  37405 2977
  37440 0746
  37488 2976
  37515 2978
  37559 2979
  37600 0748
  37612 2980
  37636 2982
  37655 2983
  37692 0749
  37719 0750
  37721 0751
  37734 2984
  37744 2985
  37745 0753
  37747 0752
  37757 0754
  37795 2986
  37912 0755
  38054 0756
  38088 2987
  38173 0758
  38213 2989
  38219 2990
  38273 2991
  38288 2997
  38291 2994
  38330 2995
  38334 2996
  38345 0760
  38352 2999
  38353 0761
  38366 2993
  38371 2993
  38379 3001
  38443 3002
  38457 3004
  38464 3005
  38486 3007
  38490 3003
  38511 3010
  38512 3008
  38525 0763
  38527 3011
  38532 0762
  38546 3012
  38547 3013
  38562 3014
  38588 3015
  38620 3016
  38624 3019
  38627 3017
  38684 3021
  38692 3023
  38694 3022
  38709 3024
  38711 0764
  38726 3025
  38755 3029
  38775 0766
  38792 0767
  38800 3032
  38803 3033
  38848 0768
  38885 3035
  38888 3036
  38894 3037
  38916 0769
  38919 3039
  38920 3038
  38922 3040
  38943 3042
  38945 3044
  38977 3046
  39009 3049
  39025 3050
  39038 3053
  39040 3051
  39142 3059
  39147 3060
  39152 3061
  39156 3062
  39160 3063
  39173 3065
  39176 0771
  39181 3066
  39183 3064
  39215 3073
  39233 3074
  39240 3075
  39256 3077
  39263 3078
  39269 3080
  39273 3079
  39282 3081
  39301 3084
  39302 3089
  39308 3087
  39318 3091
  39342 3093
  39357 3095
  39358 3096
  39362 3094
  39375 3097
  39381 3100
  39389 3098
  39390 3099
  39405 3101
  39412 3102
  39431 3105
  39450 3112
  39451 3109
  39458 3107
  39464 3111
  39479 3113
  39483 3115
  39493 0773
  39503 3118
  39513 3120
  39519 3122
  39546 3127
  39557 3128
  39562 3128
  39573 3104
  39583 3131
  39587 0775
  39593 3134
  39601 3136
  39610 3142
  39613 0776
  39617 3143
  39619 3142
  39643 3147
  39644 3147
  39658 3148
  39663 0777
  39664 3149
  39673 3150
  39682 3151
  39688 3152
  39690 0779
  39693 3153
  39703 3156
  39708 3155
  39716 3157
  39745 0780
  39749 3165
  39754 0781
  39793 3168
  39795 3167
  39796 3171
  39816 3170
  39822 3174
  39823 3173
  39831 3175
  39846 3181
  39870 3193
  39871 3187
  39872 3188
  39875 3186
  39962 0782
  39965 0783
  39983 3199
  39984 3203
  39987 3210
  39988 3206
  39989 3205
  40034 3211
  40036 3212
  40038 3209
  40040 3215
  40042 3213
  40065 3222
  40067 3218
  40068 0783
  40092 0784
  40093 3227
  40111 3225
  40113 3230
  40147 3229
  40167 0785
  40182 3238
  40187 3239
  40189 0786
  40196 3244
  40197 3243
  40205 3247
  40231 3254
  40241 3255
  40252 3256
  40264 3258
  40265 3253
  40270 3263
  40271 3262
  40273 3259
  40280 3260
  40303 3265
  40317 3267
  40321 3268
  40337 3271
  40342 3273
  40344 3274
  40345 3278
  40400 3284
  40425 3292
  40446 3289
  40450 3296
  40458 3298
  40459 3300
  40470 3290
  40485 3303
  40488 3305
  40495 3308
  40501 3309
  40517 0787
  40530 3311
  40551 3313
  40566 3322
  40600 3323
  40607 3322
  40612 3330
  40616 3328
  40624 3327
  40638 3331
  40643 0788
  40669 3336
  40673 0789
  40682 3341
  40706 3344
  40713 0790
  40744 3349
  40754 3355
  40757 3357
  40761 3356
  40764 3358
  40783 0791
  40786 3363
  40800 0792
  40811 3365
  40812 3367
  40828 3369
  40839 3371
  40876 3374
  40887 3370
  40920 3376
  40955 3378
  40955 3379
  40964 0794
  40970 3383
  40985 3381
  40994 3387
  41013 3391
  41018 3388
  41026 0795
  41054 3393
  41061 3392
  41073 3394
  41100 3402
  41105 3403
  41112 3407
  41116 3406
  41122 3410
  41147 3409
  41152 3412
  41155 3413
  41160 0796
  41166 3414
  41178 3416
  41204 3421
  41207 3418
  41244 3425
  41272 3427
  41294 3430
  41320 3432
  41323 3436
  41324 3434
  41338 3435
  41350 3437
  41383 3438
  41412 3441
  41421 3443
  41435 3442
  41439 3448
  41440 3446
  41466 3453
  41468 3454
  41492 3460
  41494 3457
  41504 0797
  41505 3459
  41529 3461
  41536 3466
  41548 3465
  41552 3468
  41558 3473
  41567 3471
  41572 3467
  41573 3470
  41589 0798
  41599 3474
  41606 3475
  41608 3476
  41614 3478
  41634 3481
  41646 3481
  41655 3484
  41662 3568
  41670 3483
  41671 3488
  41680 3487
  41681 3490
  41682 3486
  41683 3489
  41698 3492
  41738 3499
  41739 0801
  41748 0799
  41751 3500
  41754 3501
  41763 0800
  41774 3508
  41792 3505
  41797 3509
  41803 3510
  41808 3516
  41828 3518
  41829 3517
  41830 3520
  41847 3521
  41853 3530
  41865 3522
  41882 3528
  41891 3533
  41912 3536
  41936 3540
  41974 3543
  41976 3546
  42005 3556
  42013 3561
  42015 3557
  42020 3569
  42021 3562
  42044 3567
  42060 3582
  42067 3585
  42074 3576
  42076 3581
  42079 3578
  42081 3583
  42083 3587
  42097 3592
  42098 3593
  42099 3586
  42100 3588
  42108 3591
  42137 3598
  42154 3599
  42161 3600
  42205 3602
  42251 3609
  42264 3608
  42306 3615
  42307 3611
  42309 3612
  42315 3618
  42330 3620
  42348 3617
  42353 3623
  42355 3626
  42361 3625
  42364 3625
  42367 0803
  42372 3625
  42387 3629
  42389 3631
  42390 3629
  42426 3633
  42430 3635
  42435 3638
  42443 3637
  42478 3646
  42479 3645
  42500 3651
  42503 3647
  42504 3639
  42521 3652
  42550 3653
  42558 3658
  42583 3662
  42598 3665
  42599 3671
  42607 3675
  42635 0807
  42638 0809
  42642 0806
  42643 0810
  42656 3687
  42698 3686
  42699 3688
  42732 3690
  42743 3692
  42756 3697
  42766 3694
  42790 3698
  42810 3702
  42836 3704
  42857 3708
  42867 3713
  42869 3709
  42899 3714
  42900 3717
  42914 3723
  42938 3726
  42944 3718
  42946 0811
  42947 3716
  42949 3720
  42952 0812
  42956 3721
  42958 3729
  42960 3724
  42969 3727
  42971 3730
  42981 0813
  42986 3736
  42991 3735
  42995 3740
  43000 3746
  43001 3742
  43009 3745
  43046 3758
  43062 0819
  43065 0820
  43074 3754
  43076 0815
  43086 0815
  43111 0816
  43113 0818
  43117 3774
  43123 3772
  43126 0817
  43126 3764
  43131 3778
  43146 3773
  43154 3779
  43161 0821
  43163 3783
  43196 0822
  43200 0823
  43220 3788
  43221 3795
  43286 3804
  43303 3806
  43312 3808
  43312 3810
  43313 3799
  43369 3816
  43385 0824
  43409 3812
  43418 3813
  43443 3822
  43473 3826
  43482 3832
  43487 3827
  43533 0830
  43536 3831
  43538 0826
  43558 3829
  43559 3834
  43560 3833
  43607 0827
  43622 3844
  43675 0829
  43702 3850
  43708 0831
  43750 3852
  43844 3862
  43848 0832
  43911 3879
  43956 3888
  43961 3881
  44001 3892
  44010 3895
  44016 3883
  44040 3896
  44068 3900
  44075 3904
  44138 0834
  44147 3913
  44150 3916
  44166 3908
  44180 3896
  44200 0835
  44205 3917
  44205 3918
  44322 0837
  44419 3927
  44424 3935
  44429 3940
  44439 0839
  44444 0838
  44485 3943
  44492 3942
  44495 0840
  44508 3946
  44515 3947
  44524 3949
  44536 3961
  44544 3955
  44551 3960
  44552 3960
  44553 3959
  44554 3957
  44555 3975
  44561 3967
  44565 3966
  44567 3963
  44603 3976
  44612 3973
  44618 4004
  44619 4003
  44632 3991
  44633 3990
  44664 3998
  44665 0841
  44705 4011
  44714 4012
  44726 4021
  44731 4028
  44749 4026
  44756 4032
  44789 4040
  44795 0842
  44802 4041
  44806 4049
  44808 4042
  44810 4056
  44816 4047
  44818 4045
  44823 4060
  44832 4051
  44836 4062
  44867 4064
  44868 4065
  44888 4073
  44889 4067
  44905 3986
  44907 4077
  44908 0843
  44920 4086
  44921 4088
  44956 4071
  44963 4100
  44989 4103
  45005 4108
  45024 4106
  45036 4115
  45040 4118
  45041 4112
  45051 4111
  45059 4123
  45086 0844
  45089 4127
  45092 4122
  45103 4130
  45140 4133
  45145 4144
  45147 4141
  45159 4149
  45169 4134
  45177 4136
  45223 4165
  45224 4156
  45264 4166
  45265 4171
  45267 0846
  45269 3974
  45280 0847
  45306 4178
  45314 4182
  45332 4188
  45333 4187
  45336 4189
  45342 4193
  45365 4177
  45408 4180
  45414 0848
  45466 4196
  45472 0852
  45480 0849
  45484 4198
  45490 4201
  45491 0850
  45514 4197
  45549 4202
  45552 0851
  45560 0853
  45634 4200
  45664 0854
  45702 4209
  45725 0855
  45733 0856
  45742 4210
  45845 4212
  45848 4213
  45983 0857
  46069 0858
  46074 0859
  46086 0860
  46092 0861
  46181 0862
  46186 4215
  46252 4216
  46254 4218
  46263 0875
  46270 0863
  46275 4217
  46279 0866
  46281 0868
  46283 0867
  46286 0870
  46304 4214
  46316 4220
  46321 0871
  46345 0873
  46363 4219
  46366 4221
  46370 0876
  46397 4223
  46410 0874
  46420 4224
  46479 0879
  46498 0881
  46507 4225
  46508 0882
  46555 4226
  46560 0883
  46594 4227
  46632 4228
  46678 4230
  46717 4229
  46722 0885
  46761 4234
  46768 4231
  46779 4232
  46872 4239
  46878 4237
  46894 4241
  46914 4244
  46984 4243
  46998 4245
  47008 4250
  47012 4246
  47050 0889
  47073 4247
  47078 4248
  47119 4249
  47120 4256
  47145 4251
  47150 4252
  47161 4253
  47176 4254
  47209 4255
  47270 4263
  47334 4271
  47348 4269
  47356 4259
  47374 4260
  47392 4261
  47418 0891
  47452 4264
  47456 4265
  47457 4262
  47474 4267
  47500 4270
  47533 4272
  47552 4273
  47564 0892
  47566 0893
  47573 4275
  47594 4276
  47597 0894
  47611 4283
  47642 4279
  47653 4281
  47659 4287
  47688 4280
  47754 4286
  47777 0897
  47794 0896
  47797 0898
  47831 4288
  47855 0900
  47861 4289
  47905 4290
  47906 4297
  47912 4300
  47935 4302
  47936 4301
  47954 0901
  47956 4292
  47980 4304
  47981 4305
  47985 0902
  47987 4293
  48015 4306
  48031 4294
  48032 4307
  48035 4295
  48036 4298
  48040 4296
  48057 4299
  48104 4303
  48186 4313
  48197 4314
  48207 0903
  48217 0904
  48250 4309
  48258 4310
  48286 0907
  48346 4315
  48348 0906
  48349 0905
  48352 4311
  48368 4316
  48384 4312
  48408 0909
  48424 0910
  48443 0908
  48448 0911
  48449 0912
  48458 0913
  48475 0914
  48564 0916
  48613 4318
  48617 4319
  48635 4322
  48655 4320
  48694 4321
  48748 4323
  48760 0933
  48776 4324
  48779 0920
  48881 4330
  48903 0942
  48908 4325
  48914 0939
  48933 0940
  48940 0945
  48966 4326
  48997 4327
  48998 0941
  49023 4328
  49025 4329
  49051 4329
  49072 4334
  49081 4332
  49083 0954
  49130 0943
  49146 4336
  49204 0944
  49215 0951
  49244 0946
  49253 4337
  49265 0949
  49280 0950
  49281 0948
  49287 0947
  49308 4338
  49364 4340
  49366 4341
  49373 0952
  49425 4342
  49444 0956
  49470 4343
  49492 4344
  49522 0961
  49530 4349
  49531 4348
  49535 0960
  49536 0960
  49540 0959
  49626 0962
  49628 4350
  49647 0963
  49661 0964
  49667 0965
  49676 4351
  49690 4355
  49704 0966
  49721 0967
  49726 4352
  49731 4354
  49759 4356
  49866 0968
  49879 4357
  50010 0970
  50092 4358
  50120 0971
  50131 4361
  50139 4370
  50140 4369
  50149 4364
  50159 4371
  50230 4366
  50242 4333
  50246 4362
  50248 4359
  50266 4367
  50274 4373
  50362 0975
  50385 4374
  50423 4375
  50477 0977
  50479 0976
  50493 0978
  50530 0979
  50543 4404
  50560 0982
  50565 4380
  50577 0983
  50580 0984
  50629 4381
  50635 4382
  50662 0986
  50663 0987
  50671 0985
  50690 4384
  50710 4379
  50711 4378
  50713 4383
  50873 0988
  50880 4385
  50891 0989
  50904 4387
  50905 4386
  50958 0990
  50964 4388
  50988 4391
  50990 0995
  51000 4389
  51013 4377
  51015 4390
  51033 4395
  51036 0996
  51050 4396
  51059 0991
  51061 4393
  51073 4397
  51082 4398
  51090 0992
  51091 4403
  51093 0993
  51095 0994
  51100 4399
  51167 4405
  51173 4401
  51189 0999
  51201 1000
  51220 0997
  51273 1004
  51283 4408
  51288 4402
  51306 4409
  51338 4410
  51378 1006
  51391 4412
  51398 4411
  51404 4407
  51414 4414
  51452 4416
  51465 1007
  51480 4417
  51510 4418
  51518 1008
  51520 4420
  51530 4422
  51549 4423
  51550 1009
  51575 4425
  51591 4427
  51600 1012
  51607 4426
  51612 1010
  51615 4435
  51624 4424
  51637 4429
  51651 4434
  51654 4436
  51662 1011
  51667 1019
  51668 1017
  51675 1018
  51685 1014
  51686 1015
  51696 4470
  51704 4421
  51709 4438
  51720 4439
  51725 4442
  51727 4432
  51728 1020
  51734 4440
  51742 4446
  51754 4447
  51764 1021
  51796 1027
  51808 1022
  51825 4441
  51895 1024
  51898 1025
  51905 4444
  51917 4445
  51939 4450
  51951 4452
  51955 1029
  52005 1028
  52033 4455
  52082 1031
  52084 4453
  52087 4459
  52089 4460
  52094 4451
  52097 1032
  52099 1033
  52119 4461
  52123 4462
  52175 4463
  52207 4471
  52228 4466
  52244 1034
  52258 4469
  52284 1046
  52286 4464
  52287 4473
  52300 4458
  52305 1035
  52319 1037
  52320 1036
  52324 4468
  52325 4475
  52327 4477
  52338 4479
  52363 4478
  52379 1049
  52394 4480
  52403 1038
  52408 4482
  52410 4472
  52417 4483
  52418 1040
  52419 4485
  52426 4448
  52428 1039
  52433 1042
  52434 1041
  52477 1044
  52481 4486
  52496 4487
  52522 1047
  52536 4492
  52564 1048
  52610 4496
  52629 1051
  52630 1050
  52632 1052
  52634 4495
  52636 4497
  52638 4493
  52644 4494
  52656 4500
  52667 4498
  52709 1053
  52713 1056
  52713 1057
  52750 4504
  52752 1054
  52754 4505
  52763 4503
  52764 4506
  52810 4501
  52811 1055
  52811 4491
  52834 4507
  52837 4484
  52843 4508
  52874 4509
  52915 1058
  52924 1065
  52996 1059
  53000 1069
  53010 4514
  53026 4515
  53044 1062
  53075 1060
  53084 1074
  53094 1063
  53176 1066
  53178 1067
  53223 1068
  53245 1070
  53258 1072
  53259 1073
  53260 1071
  53274 4516
  53291 4517
  53311 4519
  53314 1075
  53320 1076
  53328 4520
  53362 1083
  53411 1078
  53418 1079
  53450 1077
  53466 4518
  53467 4518
  53480 1080
  53523 1082
  53525 1081
  53558 4521
  53607 4528
  53648 1084
  53684 4524
  53705 4525
  53707 4526
  53710 1085
  53734 1086
  53752 4530
  53753 1090
  53792 4531
  53803 4533
  53845 4523
  53879 4527
  53920 1100
  53926 4529
  53951 1088
  53952 1087
  53967 1099
  53989 1089
  54002 1093
  54006 1094
  54009 1094
  54011 1094
  54044 1091
  54055 1096
  54059 1097
  54167 1101
  54188 1102
  54216 4522
  54265 1110
  54324 4536
  54338 1105
  54375 1106
  54391 1107
  54473 1111
  54549 1109
  54583 4537
  54604 1112
  54629 1113
  54642 4539
  54776 4538
  54848 1116
  54855 4542
  54856 4542
  55003 1117
  55035 1118
  55062 1119
  55115 4546
  55130 4547
  55152 1121
  55217 4549
  55233 1122
  55236 1139
  55252 4541
  55254 1124
  55279 1143
  55330 1129
  55388 1125
  55483 4557
  55497 1127
  55497 4553
  55523 4556
  55537 4558
  55553 4559
  55559 4562
  55563 4562
  55565 4563
  55584 4564
  55592 4565
  55601 4566
  55610 4561
  55620 4567
  55637 4551
  55644 1130
  55648 1128
  55683 1131
  55746 4568
  55750 1132
  55783 4569
  55793 1133
  55797 4570
  55799 4545
  55817 4572
  55820 4574
  55825 4573
  55828 4575
  55840 4576
  55848 4577
  55852 4579
  55862 4580
  55893 4581
  55904 1145
  55937 1134
  55964 1135
  55967 4582
  55999 4583
  56049 1136
  56070 1138
  56077 4555
  56085 1146
  56106 4571
  56141 1141
  56159 1147
  56169 1142
  56216 1144
  56273 1154
  56305 4578
  56450 1152
  56462 1153
  56467 1148
  56511 1149
  56537 1151
  56589 1187
  56614 4587
  56627 4584
  56630 4585
  56648 1155
  56650 1156
  56680 1157
  56683 1160
  56693 1162
  56695 1161
  56717 1163
  56723 1158
  56769 1165
  56771 1166
  56900 1167
  56901 1168
  56925 1169
  56955 1170
  57006 4588
  57015 1172
  57037 1173
  57048 1177
  57053 1179
  57059 1174
  57062 1178
  57063 1181
  57075 1176
  57084 1182
  57086 1183
  57086 1184
  57095 1186
  57096 1185
  57104 1201
  57135 1189
  57152 1191
  57155 1193
  57157 1192
  57172 1194
  57175 1195
  57246 1196
  57260 4590
  57261 1197
  57273 1198
  57373 1199
  57506 1202
  57574 1205
  57589 1210
  57623 1206
  57633 1212
  57638 1215
  57650 1208
  57664 1216
  57665 4596
  57668 4600
  57675 1214
  57699 1218
  57707 1211
  57746 4597
  57772 4598
  57796 1209
  57876 4595
  57937 1213
  58037 1219
  58489 4609
  58505 4610
  58528 1221
  58544 1222
  58567 1223
  58607 1225
  58641 4614
  58644 4615
  58655 4616
  58754 1226
  58804 1228
  58824 1224
  58871 4619
  58902 1229
  58903 1230
  58968 4608
  58973 1231
  59104 4621
  59115 4623
  59131 4624
  59146 1235
  59186 4625
  59257 4630
  59280 1237
  59325 4618
  59350 1236
  59446 4638
  59452 1241
  59681 4643
  59688 1242
  59735 1251
  59740 1248
  59746 1244
  59783 1254
  59835 1245
  59884 4633
  59915 4645
  59919 1249
  59959 4635
  59962 1252
  59962 4649
  60124 4660
  60180 1255
  60185 1261
  60203 1256
  60208 4646
  60209 4640
  60221 4641
  60234 4644
  60280 4647
  60290 4652
  60311 4653
  60320 1258
  60323 1259
  60324 1260
  60325 1259
  60479 1262
  60481 1263
  60484 1264
  60555 4658
  60568 1265
  60582 4654
  60595 4656
  60635 1267
  60849 4662
  60856 4669
  60907 4664
  60971 1268
  60990 4661
  61002 4662
  61023 1269
  61193 4677
  61307 4672
  61317 4676
  61441 4688
  61445 4674
  61456 4691
  61491 1277
  61518 1279
  61522 4679
  61527 1281
  61549 1280
  61560 4697
  61598 4680
  61601 4686
  61602 4687
  61604 4689
  61605 4708
  61638 4692
  61647 4694
  61666 1286
  61669 4682
  61750 4696
  61762 4698
  61810 4702
  61835 4709
  61906 4704
  61914 4705
  61922 4710
  61941 1288
  61956 4713
  61958 1289
  61976 4714
  61981 4712
  62013 4716
  62022 4719
  62024 4717
  62030 4720
  62035 4763
  62048 4718
  62049 1291
  62063 4721
  62066 4721
  62071 4722
  62099 4723
  62133 4726
  62165 4727
  62166 4728
  62175 4734
  62181 4736
  62183 4724
  62187 4731
  62192 4730
  62213 4735
  62217 4772
  62218 4729
  62222 4737
  62234 4738
  62246 4739
  62262 4743
  62269 4741
  62270 4742
  62271 4744
  62292 4745
  62299 4748
  62300 4749
  62306 4740
  62308 4750
  62317 4751
  62319 4753
  62321 4754
  62323 4752
  62326 4761
  62327 4757
  62349 4755
  62367 4759
  62369 4760
  62371 4746
  62372 4747
  62381 4758
  62396 4764
  62407 4765
  62421 4766
  62427 4767
  62428 4769
  62438 4774
  62439 4770
  62440 4777
  62445 4771
  62447 4775
  62470 4780
  62472 4778
  62480 4779
  62495 4782
  62498 4773
  62502 4783
  62505 4781
  62526 4786
  62527 4784
  62528 4785
  62532 1296
  62555 4788
  62573 4792
  62579 4787
  62582 4789
  62588 4796
  62589 4797
  62590 4790
  62599 4793
  62605 4794
  62608 4795
  62630 4798
  62637 4800
  62643 4799
  62655 4801
  62685 4804
  62686 4808
  62689 4806
  62693 4805
  62696 4807
  62706 4810
  62733 4809
  62749 4814
  62758 4813
  62760 4811
  62766 4818
  62771 4817
  62778 4815
  62782 4819
  62824 4820
  62830 4821
  62894 4823
  62897 4826
  62902 4829
  62918 4824
  62922 4827
  62930 4828
  62934 4830
  62938 4832
  62951 4831
  62952 4822
  62963 4837
  62964 4837
  62970 4835
  62975 4839
  62980 4833
  62983 4840
  62990 4836
  62996 4834
  63002 4838
  63014 4825
  63056 4844
  63064 4843
  63065 4842
  63081 4845
  63092 4841
  63152 4848
  63160 4847
  63189 4851
  63192 4849
  63204 4852
  63207 4867
  63212 1301
  63223 4854
  63223 4855
  63226 4856
  63256 4857
  63256 4858
  63274 4861
  63302 4859
  63304 4853
  63307 1302
  63326 4860
  63328 1303
  63334 4862
  63376 4866
  63395 4871
  63398 4869
  63403 4874
  63432 4870
  63433 4875
  63434 4876
  63443 4877
  63467 4878
  63480 4879
  63494 4864
  63505 4882
  63506 4881
  63508 4880
  63537 4883
  63546 4884
  63555 4886
  63577 4885
  63609 4888
  63616 4895
  63620 4889
  63631 4890
  63662 4894
  63681 4887
  63698 4896
  63703 4897
  63709 4892
  63718 4900
  63726 4893
  63797 4901
  63798 4902
  63799 4899
  63828 4905
  63831 4907
  63848 4909
  63849 4906
  63850 4913
  63855 4908
  63877 4911
  63879 4910
  63885 4914
  63897 4903
  63902 4916
  63909 4915
  63913 4904
  63923 4917
  63929 4918
  63956 4919
  63957 4920
  63961 4926
  63976 4931
  63984 4923
  63991 4925
  64000 4927
  64012 4932
  64030 1309
  64037 4921
  64042 4933
  64064 4935
  64074 4937
  64088 4936
  64096 4938
  64102 4943
  64108 4929
  64114 4942
  64115 4912
  64124 4941
  64129 4944
  64131 4939
  64133 4934
  64134 4948
  64136 4949
  64138 4947
  64159 4950
  64163 4952
  64181 4951
  64183 4957
  64193 4953
  64198 4928
  64222 4945
  64229 4961
  64230 4956
  64255 4963
  64272 4965
  64288 4969
  64297 4966
  64325 4975
  64337 4973
  64338 4978
  64342 4979
  64345 4968
  64363 4960
  64366 4974
  64367 4980
  64370 4958
  64374 4976
  64382 4983
  64388 4984
  64396 4967
  64402 4962
  64415 4970
  64417 4971
  64423 4986
  64428 4987
  64432 4964
  64436 4972
  64450 4991
  64463 1313
  64476 4989
  64486 4981
  64489 4994
  64491 4995
  64498 4982
  64505 4985
  64520 4990
  64541 4993
  64546 4998
  64552 1316
  64586 1317
  64597 4992
  64613 4999
  64614 4946
  64657 5005
  64675 1319
  64681 5001
  64685 1320
  64695 5002
  64751 1321
  64772 5011
  64772 5013
  64802 5012
  64836 5010
  64845 5020
  64850 5019
  64902 5017
  64906 1324
  64923 5009
  64929 5008
  64960 5021
  65015 5014
  65025 5016
  65027 1327
  65109 5023
  65160 5024
  65186 5022
  65188 5027
  65217 1328
  65249 5039
  65250 5028
  65258 5007
  65261 5034
  65272 5033
  65285 5035
  65296 5036
  65304 5025
  65310 5050
  65314 5031
  65317 5032
  65327 5037
  65345 1330
  65355 5043
  65365 5038
  65376 5058
  65377 5049
  65378 5049
  65394 5042
  65396 1331
  65426 5026
  65428 5062
  65452 5056
  65515 5044
  65525 5045
  65539 5059
  65570 5048
  65580 5065
  65584 1332
  65600 5063
  65603 5052
  65614 1334
  65615 5040
  65618 5051
  65634 5064
  65643 5055
  65662 5053
  65665 5054
  65695 5060
  65706 1336
  65760 1337
  65768 5066
  65799 1339
  65870 5069
  65876 1341
  65878 1342
  65902 5074
  65913 1344
  65915 5071
  65928 1347
  65938 5072
  65939 1350
  65956 5080
  65960 5078
  65965 1356
  65992 5073
  66011 5083
  66039 5082
  66040 5075
  66092 1357
  66096 5079
  66179 5086
  66189 1359
  66197 5077
  66208 5084
  66219 5088
  66266 1360
  66297 1361
  66299 5090
  66316 1362
  66367 1364
  66370 5085
  66381 1365
  66386 1366
  66389 1368
  66390 1367
  66391 5087
  66418 1370
  66452 5092
  66498 5095
  66505 5091
  66515 5094
  66530 5096
  66543 5093
  66578 1371
  66589 1373
  66603 1375
  66605 1374
  66622 5104
  66628 5100
  66633 5099
  66636 5101
  66694 5105
  66722 1377
  66723 5105
  66740 5105
  66741 1379
  66751 5102
  66779 1380
  66789 1381
  66792 1383
  66796 1384
  66811 5111
  66813 5107
  66824 5106
  66832 1385
  66841 5103
  66851 1387
  66852 1386
  66857 1388
  66878 5110
  66882 5115
  66916 1389
  66922 1390
  66944 5108
  66963 5109
  66969 5119
  67002 1391
  67017 1392
  67055 5116
  67093 5120
  67123 5122
  67127 5124
  67145 1394
  67147 1393
  67168 5121
  67183 1395
  67187 5125
  67202 5118
  67232 5128
  67283 5123
  67306 1398
  67316 1399
  67339 1401
  67352 5131
  67363 5129
  67387 5135
  67445 5130
  67447 5139
  67470 1405
  67478 1406
  67574 1408
  67580 5141
  67585 5138
  67609 5140
  67614 5144
  67619 5145
  67640 5142
  67660 1411
  67702 5143
  67747 1412
  67762 1414
  67768 5151
  67770 5149
  67787 5147
  67811 1417
  67872 1418
  67900 1420
  67908 5152
  67924 1421
  67929 5160
  67931 1423
  67932 5156
  67939 1425
  67941 5157
  67948 1427
  67979 1428
  67984 5154
  68016 5161
  68038 5158
  68087 1431
  68108 5162
  68133 5168
  68190 5172
  68196 5165
  68198 5169
  68223 5171
  68234 5180
  68244 5177
  68267 1433
  68283 5170
  68287 5178
  68292 5174
  68296 5175
  68317 5181
  68320 1435
  68337 1436
  68379 5173
  68380 5173
  68389 5176
  68413 1441
  68438 1437
  68452 5182
  68455 5179
  68469 1438
  68470 1440
  68476 1439
  68513 5185
  68536 5187
  68539 5188
  68548 5186
  68556 5190
  68558 1443
  68574 5199
  68584 5197
  68591 5196
  68618 5201
  68660 5200
  68665 1444
  68674 5210
  68684 5203
  68695 5211
  68700 5205
  68707 5202
  68722 5209
  68738 5207
  68739 5212
  68762 5206
  68788 5208
  68809 5213
  68826 1445
  68888 5215
  68925 5220
  68927 5218
  68955 5219
  68967 5221
  68988 5223
  68993 5222
  68996 1447
  69011 5224
  69094 5228
  69097 5226
  69166 5231
  69170 5227
  69194 1448
  69217 5229
  69249 5230
  69290 5233
  69358 5232
  69388 5339
  69446 5234
  69471 5239
  69487 5242
  69495 5243
  69497 5235
  69501 5238
  69503 5236
  69504 5241
  69521 5240
  69539 5237
  69620 5244
  69645 5245
  69659 5253
  69680 5254
  69684 1451
  69696 5246
  69700 5247
  69701 1453
  69707 5249
  69713 5250
  69714 5250
  69744 5252
  69820 5256
  69869 5258
  69885 5257
  69943 1455
  69964 5260
  69969 5261
  70007 5262
  70010 5262
  70036 5267
  70039 5269
  70070 5269
  70080 1458
  70081 5264
  70085 5267
  70086 1460
  70090 1459
  70094 5267
  70110 5269
  70117 5270
  70128 5271
  70137 5263
  70142 5266
  70149 5274
  70153 1461
  70157 5276
  70184 5273
  70188 5272
  70232 5278
  70253 5269
  70294 5277
  70299 5281
  70323 5282
  70335 5279
  70344 1464
  70345 1464
  70350 5283
  70372 5280
  70413 1467
  70429 1468
  70492 5284
  70497 5285
  70561 1471
  70573 1472
  70575 5287
  70595 5286
  70633 1473
  70645 5289
  70662 5288
  70702 1474
  70705 5290
  70729 5291
  70740 5292
  70764 1476
  70792 5293
  70839 5295
  70847 5296
  70875 5297
  70877 5298
  70884 5294
  70898 5300
  70932 1477
  70987 5305
  70991 1478
  70992 5306
  70992 5307
  71021 1479
  71028 5304
  71040 5301
  71051 5309
  71066 5308
  71070 1481
  71082 5302
  71142 1482
  71146 5310
  71152 5312
  71160 5314
  71174 5315
  71213 5313
  71242 1483
  71256 1484
  71296 5317
  71321 1486
  71338 5318
  71343 1487
  71370 1488
  71430 5321
  71443 1489
  71489 5323
  71526 5324
  71530 5320
  71536 5322
  71548 5325
  71580 1491
  71581 5326
  71629 1492
  71631 1495
  71634 1496
  71677 1498
  71724 5328
  71727 1500
  71730 5328
  71731 5329
  71740 5331
  71760 5328
  71775 5332
  71784 5334
  71786 1501
  71800 5333
  71846 5335
  71864 1502
  71875 5337
  71884 5338
  71981 5341
  71982 1503
  71984 5342
  72032 5343
  72040 5345
  72105 5346
  72117 1504
  72130 5347
  72133 1505
  72291 1506
  72300 5348
  72330 1507
  72345 1508
  72358 5349
  72392 1509
  72396 5350
  72397 5355
  72404 5351
  72408 5357
  72409 5356
  72416 5354
  72421 5353
  72430 5359
  72437 5358
  72441 5358
  72589 1510
  72601 1511
  72641 5361
  72648 5362
  72773 1513
  72812 1514
  72922 1515
  72927 1516
  72942 1517
  72950 5364
  72955 5364
  73010 1519
  73011 1518
  73012 5365
  73057 1520
  73139 1522
  73143 1524
  73150 1525
  73190 5369
  73393 1566
  73653 0077
  84202 4433
  86322 3491
  86323 3496
  86324 3495
  86325 3597
  86326 3654
  86327 3656
  86328 3659
  86329 3763
  86330 3847
  86418 3472
  86642 3605
  89579 3146
  89585 3179
  89593 3204
  89595 3231
  89598 3316
  89605 3359
  89606 3372
  89610 3384
  89615 3449
  89616 3450
  89618 3479
  89739 3784
  89740 3815
  95507 1645
  95515 1806
  95536 4345
 165701 4627
 214390 4554
 215031 4346
 215034 0803
 244560 2134
 246200 2161
 270136 1708
1190197 0298
1655188 4039
1858492 4955
2294907 4278
2783080 1454
2817561 0443
2851458 4593
2902418 2149
2943667 0418
3031317 1108
3034510 1266
3084850 2565
3099047 4642
3166328 5378
3166585 0186
3166747 1878
3166757 0298
3166782 0316
3167495 2993
3167518 3142
3167519 3147
3167557 0803
3167575 0815
3167744 0960
3167863 4518
3167876 1094
3168055 1259
3168140 4803
3168270 5049
3168528 5250
3168654 5364
3325365 0080
3441329 2165
3442011 5262
3442024 4599
3517659 2599
3518448 0131
3518449 0132
3518450 0133
3518451 0135
3518452 0136
3518453 0137
3518454 0139
3518455 0140
3518456 0142
3518457 0143
3518458 1308
3518459 2605
3518460 3550
3518461 3551
3518462 3552
3518463 3555
3518464 3563
3518465 3564
3518466 3669
3518467 1257
3518468 1276
3518469 2140
3518470 2146
3518471 2148
3518472 4499
3518473 0289
3518474 0351
3518475 0972
3518476 1295
3518477 1297
3518478 1747
3518479 2003
3518480 2448
3518481 2501
3518482 2553
3518483 2621
3518484 4191
3518485 4406
3518486 4634
3518487 4637
3518488 4663
3518489 4670
3518490 4673
3518491 4699
3518492 4732
3518493 4776
3518494 4846
3518495 4997
3518496 5117
3518497 5148
3518498 5217
3518499 0166
3518500 0361
3518501 1023
3518502 1299
3518503 1310
3518504 1311
3518505 1369
3518506 1434
3518507 1442
3518508 1611
3518509 1612
3518510 1624
3518511 1626
3518512 1641
3518513 1655
3518514 1660
3518515 1662
3518516 1805
3518517 1848
3518518 2128
3518519 2157
3518520 2395
3518521 2488
3518522 2581
3518523 2714
3518524 4291
3518525 4651
3518526 4665
3518527 4715
3518528 4725
3518529 4756
3518530 4996
3518531 0059
3518532 0063
3518533 0155
3518534 0336
3518535 0341
3518536 0349
3518537 0353
3518538 0354
3518539 0360
3518540 0405
3518541 0417
3518542 0419
3518543 0420
3518544 0423
3518545 0424
3518546 0425
3518547 0426
3518548 0427
3518549 0428
3518550 0429
3518551 0430
3518552 0432
3518553 0434
3518554 0439
3518555 0444
3518556 0446
3518557 0447
3518558 0448
3518559 0466
3518560 1271
3518561 1274
3518562 1275
3518563 1283
3518564 1305
3518565 1318
3518566 1318
3518567 1340
3518568 1363
3518569 1396
3518570 1396
3518571 1396
3518572 1400
3518573 1402
3518574 1470
3518575 1644
3518576 1795
3518577 1831
3518578 1871
3518579 1990
3518580 2067
3518581 2087
3518582 2088
3518583 2105
3518584 2111
3518585 2117
3518586 2144
3518587 2145
3518588 2159
3518589 2162
3518590 2872
3518591 2948
3518592 2966
3518593 4601
3518594 4604
3518595 4628
3518596 4657
3518597 4678
3518598 4701
3518599 4703
3518600 4706
3518601 4707
3518602 4954
3518603 5067
3518604 5068
3518605 5070
3518606 5076
3518607 5132
3518608 5133
3518609 5134
3518610 5146
3518611 5366
3518623 4690
3518679 3668
3518680 0348
3518681 1590
3518682 2391
3518683 2602
3518684 4685
3518685 0431
3518686 0435
3518687 1284
3518688 1287
3518689 1318
3518690 1378
3518691 1851
3518692 1995
3518693 2177
3518694 2220
3518695 2631
3518696 2944
3518697 4591
3518698 4592
3518699 4603
3518700 4605
3518701 4684
3518702 4812
