     33 7807
     81 7802
    101 7803
    109 7805
    112 7806
    158 7809
    163 7810
    168 7811
    195 7812
    218 7814
    243 7808
    263 7816
    279 7817
    287 7813
    288 7818
    303 7819
    307 7820
    328 7823
    354 7824
    367 7821
    378 7827
    483 7828
    485 7832
    488 7829
    504 7834
    505 7835
    516 7837
    525 7838
    539 7839
    564 0001
    565 0003
    567 0002
    569 7831
    595 0005
    608 7836
    627 0007
    634 0010
    642 0011
    645 0012
    647 0014
    648 0008
    650 0013
    652 0009
    660 0016
    661 0015
    679 0020
    690 0022
    698 0023
    701 0024
    706 0025
    730 0028
    732 0026
    742 0027
    751 0031
    759 0019
    767 0021
    767 0029
    781 0017
    781 0034
    784 0035
    798 0036
    801 0037
    818 0038
    852 0039
    865 0041
    867 0042
    875 0043
    929 0048
    930 0045
    952 0049
    967 0047
    974 0051
    978 0052
    982 0053
    983 0050
   1011 0054
   1014 0055
   1034 0059
   1037 0057
   1058 0060
   1083 0061
   1085 0061
   1125 0062
   1149 0064
   1160 0063
   1187 0068
   1191 0069
   1194 0070
   1197 0071
   1204 0072
   1208 0072
   1211 0073
   1219 0074
   1229 0065
   1236 0066
   1255 0075
   1267 0076
   1290 0077
   1306 0078
   1309 0078
   1340 0079
   1351 0080
   1352 0081
   1357 0087
   1370 0088
   1371 0083
   1374 0089
   1375 0085
   1382 0085
   1383 0086
   1388 0092
   1405 0090
   1412 0093
   1423 0094
   1426 0095
   1429 0096
   1442 0097
   1463 0098
   1518 0101
   1523 0099
   1525 0100
   1542 0102
   1551 0106
   1583 0105
   1606 0107
   1619 0108
   1633 0109
   1651 0115
   1654 0112
   1656 0113
   1659 0119
   1660 0114
   1671 0116
   1674 0117
   1678 0118
   1693 0120
   1715 0124
   1772 0125
   1784 0126
   1787 0127
   1791 0128
   1794 0130
   1813 0131
   1844 0132
   1851 0134
   1888 0137
   1889 0138
   1900 0139
   1901 0142
   1911 0143
   1916 0140
   1917 0144
   1918 0141
   1941 0145
   2004 0147
   2010 0135
   2028 0149
   2035 0151
   2052 0150
   2053 0148
   2058 0154
   2073 0159
   2076 0155
   2081 0157
   2122 0167
   2131 0161
   2143 0166
   2149 0163
   2154 0160
   2181 0164
   2182 0165
   2192 0168
   2195 0170
   2202 0169
   2206 0174
   2223 0173
   2228 0172
   2232 0171
   2232 0175
   2241 0177
   2253 0179
   2268 0180
   2279 0182
   2287 0181
   2291 0186
   2298 0183
   2309 0184
   2324 0190
   2325 0190
   2329 0185
   2331 0191
   2338 0209
   2349 0178
   2352 0192
   2357 0196
   2359 0193
   2362 0194
   2365 0197
   2371 0198
   2380 0187
   2382 0199
   2387 0200
   2388 0201
   2391 0195
   2393 0203
   2394 0202
   2395 0207
   2397 0204
   2417 0212
   2420 0208
   2429 0205
   2437 0210
   2451 0215
   2469 0213
   2478 0216
   2479 0214
   2482 0217
   2493 0218
   2522 0219
   2527 0223
   2539 0230
   2547 0227
   2555 0221
   2557 0224
   2559 0232
   2563 0228
   2568 0235
   2569 0235
   2570 0235
   2572 0226
   2577 0229
   2595 0238
   2596 0236
   2597 0237
   2600 0234
   2604 0233
   2642 0239
   2653 0240
   2675 0244
   2687 0243
   2691 0245
   2758 0247
   2765 0250
   2778 0254
   2789 0253
   2791 0247
   2802 0255
   2806 0251
   2818 0257
   2819 0252
   2820 0259
   2829 0258
   2831 0264
   2844 0260
   2855 0262
   2856 0263
   2901 0266
   2927 0268
   2938 0270
   2949 0271
   2959 0273
   2980 0274
   2984 0275
   2995 0277
   3051 0278
   3054 0276
   3055 0279
   3076 0280
   3085 0292
   3089 0289
   3090 0282
   3124 0283
   3131 0284
   3140 0291
   3141 0285
   3142 0286
   3145 0287
   3195 0293
   3238 0300
   3240 0303
   3243 0297
   3250 0298
   3260 0296
   3311 0302
   3326 0304
   3343 0312
   3345 0301
   3354 0308
   3367 0307
   3374 0323
   3377 0309
   3395 0314
   3396 0310
   3398 0319
   3399 0328
   3406 0331
   3412 0322
   3416 0324
   3434 0311
   3442 0317
   3443 0321
   3445 0317
   3454 0325
   3455 0315
   3462 0327
   3465 0318
   3467 0329
   3482 0326
   3510 0320
   3511 0332
   3514 0334
   3519 0333
   3544 0335
   3572 0337
   3610 0340
   3611 0338
   3620 0341
   3631 0342
   3632 0348
   3665 0345
   3671 0337
   3673 0347
   3687 0349
   3690 0350
   3693 0351
   3701 0352
   3714 0353
   3743 0360
   3753 0355
   3754 0356
   3763 0354
   3768 0357
   3817 0359
   3822 0365
   3826 0368
   3833 0364
   3856 0369
   3894 0367
   3907 0378
   3911 0363
   3946 0373
   3952 0374
   3953 0375
   3966 0379
   3969 0380
   3976 0391
   3980 0406
   3981 0382
   3982 0383
   3983 0384
   3984 0385
   3987 0387
   3989 0386
   4005 0388
   4042 0392
   4049 0394
   4051 0397
   4054 0389
   4061 0393
   4090 0398
   4096 0399
   4111 0403
   4126 0404
   4132 0409
   4161 0415
   4189 0418
   4190 0407
   4224 0410
   4237 0417
   4254 0414
   4266 0423
   4274 0424
   4290 0432
   4320 0420
   4325 0434
   4333 0427
   4344 0434
   4347 0413
   4361 0440
   4363 0426
   4367 0428
   4368 0429
   4376 0430
   4379 0425
   4406 0438
   4423 0439
   4429 0441
   4434 0435
   4437 0431
   4464 0437
   4468 0454
   4484 0442
   4493 0445
   4512 0443
   4524 0448
   4540 0450
   4550 0447
   4561 0444
   4572 0455
   4578 0446
   4587 0449
   4594 0451
   4596 0452
   4632 0466
   4636 0461
   4665 0459
   4667 0462
   4719 0463
   4736 0467
   4753 0469
   4764 0484
   4777 0470
   4780 0468
   4785 0473
   4793 0471
   4796 0475
   4799 0491
   4801 0474
   4803 0478
   4814 0476
   4823 0482
   4833 0472
   4845 0480
   4899 0481
   4905 0479
   4914 0491
   4915 0477
   4921 0485
   4946 0488
   4957 0489
   4958 0487
   4961 0483
   4973 0490
   4976 0492
   4979 0493
   4992 0497
   5013 0500
   5034 0502
   5035 0494
   5036 0505
   5037 0495
   5059 0498
   5060 0499
   5061 0496
   5080 0509
   5082 0501
   5084 0504
   5086 0503
   5098 0507
   5099 0508
   5103 0511
   5120 0526
   5128 0527
   5132 0512
   5135 0526
   5139 0514
   5142 0527
   5148 0516
   5161 0518
   5174 0513
   5182 0519
   5190 0521
   5193 0520
   5201 0515
   5210 0530
   5214 0517
   5215 0534
   5218 0522
   5222 0524
   5232 0525
   5243 0549
   5253 0544
   5255 0546
   5264 0532
   5268 0523
   5269 0539
   5269 0563
   5275 0538
   5282 0535
   5283 0533
   5290 0528
   5299 0529
   5305 0541
   5311 0543
   5323 0545
   5324 0547
   5326 0548
   5340 0531
   5344 0536
   5351 0557
   5360 0542
   5374 0550
   5402 0567
   5410 0540
   5412 0554
   5413 0554
   5419 0555
   5420 0556
   5425 0558
   5430 0560
   5450 0551
   5455 0564
   5468 0568
   5481 0565
   5489 0561
   5502 0562
   5508 0572
   5535 0576
   5539 0570
   5544 0574
   5545 0566
   5548 0569
   5576 0583
   5587 0571
   5619 0578
   5628 0577
   5634 0575
   5638 0573
   5663 0584
   5679 0586
   5688 0585
   5691 0579
   5702 0582
   5721 0597
   5733 0593
   5746 0587
   5758 0589
   5766 0596
   5769 0594
   5777 0600
   5778 0599
   5800 0591
   5808 0590
   5818 0598
   5827 0612
   5831 0617
   5849 0613
   5874 0606
   5878 0619
   5891 0605
   5896 0625
   5897 0615
   5898 0623
   5901 0626
   5913 0608
   5924 0630
   5932 0624
   5933 0614
   5939 0622
   5960 0633
   5974 0628
   5983 0631
   5984 0621
   5990 0620
   6007 0632
   6010 0646
   6014 0646
   6059 0634
   6081 0641
   6083 0648
   6097 0644
   6105 0639
   6110 0636
   6112 0642
   6117 0643
   6130 0640
   6145 0638
   6155 0647
   6169 0649
   6172 0645
   6208 0652
   6249 2573
   6256 0643
   6262 0655
   6275 0658
   6290 0653
   6293 0656
   6318 0660
   6359 0664
   6376 0661
   6393 0662
   6415 0665
   6418 0667
   6483 0666
   6502 0668
   6546 0671
   6560 0669
   6570 0670
   6581 0685
   6587 0690
   6595 0672
   6624 0673
   6642 0692
   6655 0686
   6656 0676
   6663 0682
   6665 0675
   6671 0681
   6673 0677
   6690 0678
   6695 0696
   6710 0698
   6711 0679
   6718 0683
   6719 0680
   6724 0689
   6759 0684
   6778 0693
   6782 0687
   6793 0691
   6798 0699
   6799 0688
   6816 0694
   6826 0701
   6844 0695
   6848 0697
   6852 0702
   6861 0707
   6897 0706
   6928 0700
   6940 0711
   6950 0725
   6953 0704
   6957 0703
   6958 0705
   6962 0708
   6969 0709
   6972 0710
   6982 0716
   6983 0720
   6988 0712
   6991 0715
   6993 0718
   7009 0714
   7019 0719
   7024 0723
   7027 0727
   7033 0717
   7040 0729
   7054 0745
   7068 0754
   7078 0756
   7097 0721
   7098 0722
   7118 0731
   7121 0734
   7161 0713
   7182 0726
   7191 0749
   7198 0758
   7252 0741
   7259 0748
   7262 0755
   7264 0742
   7270 0732
   7282 0735
   7289 0736
   7303 0738
   7312 0739
   7316 0740
   7322 0762
   7366 0747
   7369 0750
   7370 0751
   7379 0782
   7387 0753
   7395 0761
   7397 0759
   7399 0746
   7451 0775
   7465 0768
   7468 0766
   7475 0765
   7483 0767
   7486 0773
   7505 0802
   7517 0770
   7525 0772
   7536 0774
   7537 0769
   7544 0779
   7552 0795
   7560 0776
   7577 0781
   7584 0777
   7597 0778
   7616 0780
   7632 0787
   7656 0788
   7657 0783
   7671 0784
   7677 0790
   7680 0786
   7692 0813
   7694 0785
   7702 0791
   7740 0800
   7741 0799
   7744 0792
   7760 0789
   7763 0794
   7823 0798
   7832 0797
   7835 0806
   7847 0801
   7849 0803
   7865 0808
   7873 0804
   7889 0809
   7899 0805
   7905 0811
   7934 0807
   7965 0810
   8055 0822
   8066 0812
   8068 0824
   8093 0823
   8109 0817
   8152 0816
   8160 0821
   8165 0820
   8173 0825
   8174 0819
   8182 0829
   8185 0818
   8195 0852
   8196 0827
   8201 0830
   8225 0833
   8228 0835
   8230 0826
   8241 0831
   8250 0838
   8254 0839
   8258 0842
   8280 0832
   8283 0828
   8286 0849
   8291 0844
   8293 0840
   8297 0837
   8299 0848
   8304 0836
   8319 0814
   8352 0834
   8368 0851
   8369 0850
   8372 0841
   8388 0854
   8397 0853
   8430 0846
   8430 0847
   8438 0845
   8451 0858
   8455 0857
   8487 0862
   8526 0856
   8526 0859
   8557 0855
   8586 0863
   8606 0860
   8629 0872
   8631 0864
   8652 0861
   8659 0868
   8663 0874
   8678 0865
   8692 0873
   8705 0879
   8718 0867
   8718 0875
   8721 0870
   8722 0871
   8743 0888
   8770 0876
   8771 0878
   8775 0877
   8805 0880
   8822 0881
   8841 0883
   8843 0889
   8868 0887
   8874 0882
   8888 0893
   8926 0892
   8944 0897
   8974 0895
   8990 0899
   8997 0890
   9021 0902
   9031 0891
   9038 0905
   9054 0907
   9057 0908
   9073 0898
   9079 0900
   9097 0903
   9112 0904
   9172 0922
   9188 0906
   9197 0909
   9201 0910
   9221 0911
   9222 0912
   9230 0913
   9232 0915
   9236 0918
   9245 0916
   9253 0914
   9256 0926
   9267 0919
   9271 0939
   9287 0921
   9292 0927
   9300 0944
   9302 0924
   9332 0925
   9334 0929
   9352 0934
   9355 0923
   9359 0936
   9368 0928
   9377 0920
   9379 0930
   9379 0932
   9388 0935
   9399 0931
   9414 0941
   9420 0947
   9423 0938
   9426 0945
   9431 0948
   9438 0954
   9442 0951
   9457 0943
   9458 0942
   9461 0950
   9465 0933
   9478 0940
   9480 0937
   9545 0963
   9549 0955
   9556 0946
   9560 0958
   9566 0949
   9582 0964
   9586 0953
   9614 0979
   9621 0960
   9626 0966
   9654 0967
   9665 0959
   9666 0965
   9682 0962
   9686 0986
   9710 0981
   9713 0977
   9735 0975
   9747 0986
   9762 0989
   9776 0976
   9779 0968
   9781 0969
   9786 0970
   9787 0971
   9788 0972
   9795 0973
   9802 0974
   9817 0985
   9819 0984
   9821 0978
   9823 0978
   9831 0980
   9838 0982
   9843 0988
   9846 0991
   9890 0990
   9891 1025
   9907 1031
   9910 0993
   9910 0994
   9911 0987
   9932 0997
   9934 0998
   9938 0992
   9949 1006
   9949 1010
   9955 1011
   9961 1004
   9964 1017
   9966 1013
   9967 1007
   9970 1008
   9973 1037
   9986 1018
   9988 1015
   9991 1034
   9995 1009
   9997 1016
  10006 1019
  10008 0995
  10010 1022
  10015 0996
  10018 1020
  10026 0999
  10027 1021
  10028 1000
  10034 1002
  10048 1024
  10050 1001
  10051 1012
  10052 1003
  10055 1026
  10060 1032
  10062 1005
  10065 1035
  10068 1028
  10078 1029
  10088 1030
  10096 1038
  10108 1033
  10122 1042
  10123 1023
  10125 1041
  10127 1036
  10129 1045
  10132 1047
  10137 1048
  10139 1023
  10140 1048
  10155 1043
  10172 1051
  10174 1044
  10175 1052
  10185 1046
  10208 1055
  10228 1065
  10232 1063
  10242 1054
  10249 1064
  10257 1050
  10266 1068
  10272 1056
  10285 1069
  10287 1057
  10290 1071
  10298 1053
  10302 1060
  10303 1061
  10309 1070
  10313 1076
  10314 1058
  10315 1072
  10320 1075
  10324 1074
  10329 1073
  10330 1079
  10333 1105
  10336 1096
  10338 1066
  10339 1067
  10362 1078
  10403 1098
  10411 1081
  10416 1080
  10422 1099
  10424 1091
  10432 1092
  10438 1100
  10445 1083
  10447 1082
  10464 1084
  10465 1077
  10468 1077
  10479 1097
  10481 1089
  10488 1097
  10496 1087
  10498 1085
  10507 1090
  10536 1088
  10545 1102
  10559 1094
  10566 1095
  10587 1086
  10597 1103
  10606 1093
  10607 1119
  10613 1101
  10633 1108
  10634 1104
  10660 1109
  10664 1120
  10669 1114
  10673 1110
  10683 1107
  10719 1111
  10748 1118
  10774 1115
  10781 1116
  10789 1121
  10792 1106
  10800 1135
  10807 1136
  10822 1117
  10838 1124
  10851 1125
  10868 1126
  10885 1133
  10888 1139
  10889 1127
  10890 1122
  10890 1123
  10891 1132
  10928 1134
  10942 1137
  10951 1130
  10959 1129
  10964 1131
  10965 1145
  10966 1140
  11007 1143
  11012 1142
  11012 1144
  11118 1138
  11144 1150
  11147 1151
  11148 1148
  11157 1158
  11170 1149
  11182 1152
  11218 1157
  11221 1154
  11230 1153
  11233 1155
  11270 1165
  11274 1162
  11329 1156
  11359 1163
  11372 1166
  11378 1168
  11383 1159
  11403 1160
  11404 1161
  11420 1172
  11425 1167
  11427 1181
  11435 1180
  11441 1164
  11479 1187
  11480 1179
  11488 1185
  11503 1189
  11508 1190
  11511 1182
  11514 1191
  11517 1195
  11519 1192
  11521 1169
  11522 1196
  11527 1199
  11533 1188
  11537 1194
  11545 1200
  11552 1171
  11578 1175
  11581 1177
  11583 1204
  11593 1202
  11599 1203
  11603 1203
  11617 1186
  11638 1209
  11641 1217
  11644 1206
  11647 1208
  11648 1198
  11658 1231
  11659 1244
  11666 1210
  11670 1211
  11675 1214
  11680 1246
  11687 1215
  11693 1216
  11734 1229
  11735 1228
  11737 1207
  11739 1221
  11742 1223
  11743 1230
  11749 1218
  11752 1219
  11761 1212
  11766 1225
  11774 1222
  11789 1213
  11813 1234
  11819 1232
  11834 1232
  11836 1249
  11868 1238
  11869 1239
  11879 1226
  11880 1227
  11886 1224
  11887 1241
  11892 1242
  11898 1236
  11931 1247
  11941 1233
  11970 1248
  12007 1255
  12032 1256
  12034 1258
  12041 1253
  12052 1254
  12053 1253
  12098 1250
  12107 1262
  12114 1263
  12131 1266
  12174 1184
  12204 1288
  12208 1259
  12209 1291
  12219 1260
  12247 1284
  12250 1286
  12259 1285
  12262 1280
  12270 1264
  12285 1292
  12286 1313
  12287 1265
  12310 1287
  12331 1267
  12332 1268
  12341 1296
  12342 1289
  12350 1270
  12367 1271
  12373 1297
  12384 1272
  12395 1290
  12396 1273
  12412 1300
  12413 1274
  12429 1275
  12431 1302
  12434 1277
  12438 1278
  12448 1279
  12457 1313
  12458 1281
  12460 1311
  12465 1295
  12466 1299
  12471 1282
  12473 1298
  12478 1283
  12521 1301
  12527 1303
  12559 1306
  12569 1310
  12575 1304
  12575 1307
  12582 1305
  12597 1293
  12600 1294
  12626 1309
  12643 1308
  12650 1314
  12651 1316
  12653 1317
  12671 1315
  12686 1316
  12687 1316
  12708 1319
  12709 1326
  12737 1325
  12754 1325
  12755 1321
  12756 1320
  12761 1322
  12764 1323
  12769 1316
  12772 1324
  12783 1326
  12788 1326
  12795 1327
  12805 1328
  12826 1329
  12838 1332
  12846 1331
  12848 1336
  12911 1341
  12916 1337
  12917 1339
  12923 1340
  12923 1344
  12952 1351
  12956 1338
  12979 1345
  12989 1347
  13001 1334
  13009 1346
  13015 1335
  13028 1351
  13035 1356
  13059 1350
  13088 1349
  13091 1352
  13108 1353
  13130 1354
  13166 1357
  13169 1355
  13179 1365
  13182 1358
  13190 1359
  13196 1362
  13197 1366
  13218 1361
  13245 1363
  13247 1368
  13252 1373
  13253 1364
  13255 1367
  13255 1371
  13265 1370
  13266 1375
  13267 1374
  13299 1379
  13318 1380
  13321 1381
  13324 1377
  13330 1369
  13333 1386
  13335 1380
  13344 1387
  13346 1372
  13352 1376
  13354 1380
  13354 1382
  13360 1389
  13368 1385
  13377 1383
  13383 1392
  13384 1343
  13386 1390
  13398 1396
  13402 1388
  13418 1399
  13419 1395
  13425 1393
  13429 1411
  13433 1404
  13434 1398
  13436 1391
  13444 1394
  13445 1403
  13448 1384
  13457 1401
  13458 1406
  13467 1402
  13470 1400
  13485 1397
  13500 1427
  13504 1413
  13505 1407
  13512 1405
  13520 1412
  13534 1419
  13543 1414
  13544 1415
  13548 1416
  13553 1409
  13556 1410
  13569 1422
  13584 1417
  13586 1433
  13602 1425
  13606 1418
  13609 1427
  13611 1428
  13620 1421
  13628 1423
  13638 1426
  13664 1424
  13687 1436
  13687 1437
  13727 1448
  13732 1431
  13738 1439
  13742 1445
  13752 1440
  13760 1438
  13765 1452
  13765 1455
  13775 1450
  13782 1441
  13786 1447
  13794 1437
  13798 1449
  13801 1446
  13804 1434
  13805 1460
  13807 1463
  13814 1453
  13832 1459
  13853 1473
  13881 1461
  13945 1462
  13976 1464
  13991 1467
  14001 1476
  14002 1470
  14004 1468
  14022 1483
  14039 1465
  14040 1490
  14050 1472
  14060 1477
  14062 1478
  14065 1474
  14071 1484
  14079 1481
  14084 1482
  14117 1487
  14132 1486
  14137 1503
  14163 1493
  14165 1489
  14169 1494
  14186 1492
  14187 1500
  14190 1495
  14236 1511
  14255 1511
  14256 1506
  14261 1469
  14279 1511
  14331 1497
  14336 1504
  14339 1505
  14375 1510
  14388 1515
  14391 1512
  14393 1509
  14397 1515
  14409 1507
  14432 1485
  14437 1526
  14454 1508
  14462 1522
  14475 1518
  14495 1529
  14514 1519
  14515 1516
  14516 1516
  14520 1521
  14526 1527
  14547 1534
  14564 1517
  14582 1533
  14620 1536
  14635 1531
  14638 1532
  14659 1543
  14695 1537
  14722 1538
  14723 1546
  14733 1540
  14734 1540
  14757 1549
  14765 1553
  14792 1541
  14794 1547
  14800 1542
  14814 1559
  14818 1556
  14852 1539
  14880 1550
  14880 1551
  14897 1566
  14906 1558
  14907 1552
  14934 1567
  14956 1562
  14965 1574
  14971 1571
  14993 1572
  15000 1563
  15004 1564
  15005 1561
  15015 1565
  15018 1530
  15025 1578
  15034 1568
  15042 1568
  15055 1581
  15089 1576
  15090 1575
  15150 1585
  15153 1596
  15168 1602
  15180 1584
  15189 1580
  15191 1583
  15195 1595
  15204 1598
  15276 1591
  15292 1592
  15331 1586
  15332 1587
  15340 1588
  15342 1589
  15345 1569
  15348 1594
  15368 1590
  15374 1597
  15403 1599
  15405 1617
  15406 1600
  15413 1601
  15424 1603
  15433 1604
  15442 1607
  15443 1606
  15447 1593
  15447 1608
  15479 1616
  15480 1609
  15488 1560
  15501 1611
  15507 1612
  15518 1613
  15538 1614
  15543 1610
  15570 1573
  15591 1623
  15608 1615
  15611 1618
  15626 1621
  15626 1626
  15635 1622
  15638 1620
  15654 1625
  15659 1630
  15674 1628
  15675 1627
  15705 1631
  15769 1632
  15773 1635
  15774 1633
  15775 1634
  15800 1636
  15821 1637
  15824 1638
  15850 1640
  15867 1642
  15871 1669
  15886 1648
  15891 1643
  15899 1658
  15903 1645
  15908 1660
  15914 1646
  15931 1650
  15941 1672
  15942 1653
  15943 1654
  15949 1656
  15957 1668
  15958 1657
  15977 1659
  15977 1677
  16000 1661
  16044 1665
  16050 1688
  16057 1666
  16058 1680
  16062 1667
  16095 1671
  16107 1670
  16120 1679
  16166 1687
  16179 1678
  16195 1681
  16209 1683
  16211 1682
  16219 1684
  16220 1706
  16222 1685
  16234 1703
  16239 1686
  16282 1705
  16290 1690
  16300 1691
  16335 1694
  16336 1692
  16352 1701
  16386 1700
  16390 1699
  16396 1710
  16434 1716
  16444 1765
  16462 1709
  16471 1713
  16472 1771
  16484 1721
  16485 1720
  16488 1725
  16493 1723
  16495 1728
  16499 1730
  16501 1719
  16508 1726
  16517 1744
  16529 1729
  16545 1759
  16570 1741
  16574 1741
  16585 1738
  16586 1739
  16589 1740
  16599 1809
  16600 1752
  16608 1544
  16610 1753
  16617 1796
  16654 1762
  16698 1796
  16709 1792
  16713 1779
  16715 1803
  16716 1784
  16743 1780
  16744 1800
  16761 1824
  16779 1808
  16781 1797
  16783 1799
  16787 1796
  16788 1781
  16811 1811
  16819 1812
  16849 1827
  16898 1821
  16899 1819
  16906 1832
  16911 1853
  16949 1843
  17042 1892
  17102 1956
  17113 1879
  17171 1875
  17174 1886
  17194 2012
  17195 1888
  17196 1889
  17243 1906
  17276 1930
  17296 1947
  17319 1924
  17422 1954
  17427 1957
  17434 1998
  17436 1964
  17452 1979
  17464 1989
  17466 1992
  17478 2007
  17480 2008
  17487 1993
  17592 2144
  17609 2082
  17625 1961
  17657 2049
  17684 2087
  17772 2073
  17793 2101
  17804 2076
  17819 2090
  17822 2104
  17860 2089
  17975 2106
  18001 2115
  18002 2115
  18030 2110
  18097 2150
  18136 2119
  18147 2124
  18164 2171
  18171 2148
  18172 2131
  18249 2152
  18258 2139
  18322 2178
  18354 2187
  18355 2187
  18374 2128
  18379 2199
  18453 2179
  18464 2191
  18536 2188
  18551 2205
  18602 2196
  18652 2200
  18658 2201
  18736 2206
  18749 2207
  18794 2211
  18796 2212
  18797 2146
  18833 2221
  18835 2222
  18862 2228
  18867 2229
  18873 2230
  18877 2216
  18882 2233
  18883 2217
  18906 2235
  18911 2208
  18960 2146
  18978 2223
  19030 2227
  19260 2255
  19355 2263
  19397 2273
  19417 2267
  19466 2272
  19476 2271
  19501 2253
  19524 2297
  19531 2280
  19562 2283
  19579 2273
  19602 2256
  19603 2274
  19605 2275
  19607 2295
  19617 2292
  19619 2293
  19622 2258
  19641 2305
  19643 2296
  19648 2307
  19688 2273
  19714 2288
  19716 2289
  19718 2290
  19719 2291
  19729 2294
  19811 2310
  19891 2303
  19949 2308
  20045 2315
  20046 2328
  20047 2325
  20136 2320
  20141 2321
  20142 2322
  20218 2326
  20222 2339
  20223 2333
  20237 2326
  20254 2329
  20259 2341
  20265 2342
  20272 2330
  20276 2332
  20298 2337
  20305 2314
  20338 2340
  20395 2344
  20416 2350
  20458 2268
  20539 2347
  20556 2369
  20592 2357
  20640 2369
  20694 2381
  20717 2369
  20754 2397
  20766 2397
  20813 2397
  20838 2365
  20916 2380
  20916 2382
  20948 2377
  20955 2370
  21015 2376
  21016 2373
  21033 2336
  21035 2375
  21036 2378
  21039 2276
  21078 2363
  21080 2385
  21099 2388
  21102 2366
  21105 2387
  21109 2389
  21154 2393
  21155 2417
  21165 2398
  21176 2402
  21218 2406
  21220 2407
  21224 2405
  21231 2300
  21315 2411
  21325 2434
  21336 2410
  21358 2416
  21373 2442
  21375 2427
  21382 2418
  21396 2403
  21399 2415
  21558 2424
  21648 2426
  21663 2429
  21664 2429
  21676 2435
  21711 2431
  21714 2466
  21774 2444
  21776 2445
  21802 2449
  21807 2450
  21860 2446
  21963 2454
  22031 2441
  22129 2456
  22137 2470
  22161 2457
  22191 2458
  22210 2502
  22220 2461
  22259 2462
  22260 2476
  22266 2485
  22270 2460
  22289 2480
  22291 2463
  22292 2481
  22317 2486
  22321 2474
  22322 2475
  22325 2468
  22327 2469
  22343 2487
  22350 2484
  22353 2491
  22354 2501
  22359 2496
  22364 2472
  22366 2499
  22377 2494
  22382 2490
  22397 2492
  22403 2498
  22414 2504
  22447 2493
  22453 2503
  22457 2495
  22510 2507
  22520 2488
  22525 2500
  22528 2508
  22541 2510
  22547 2497
  22549 2511
  22555 2513
  22578 2517
  22581 2514
  22596 2512
  22644 2505
  22649 2523
  22721 2525
  22749 2522
  22778 2526
  22800 2518
  22805 2528
  22827 2530
  22838 2524
  22866 2521
  22922 2532
  22957 2535
  22958 2536
  22962 2538
  23017 2540
  23024 2534
  23025 2523
  23028 2543
  23040 2537
  23057 2537
  23086 2545
  23110 2541
  23128 2523
  23222 2559
  23240 2553
  23247 2523
  23256 2554
  23259 2555
  23290 2564
  23303 2566
  23313 2549
  23325 2556
  23329 2557
  23337 2558
  23340 2552
  23351 2561
  23362 2565
  23367 2560
  23395 2562
  23404 2563
  23418 2574
  23440 2578
  23441 2572
  23442 2569
  23443 2570
  23453 2544
  23498 2577
  23501 2575
  23512 2576
  23516 2583
  23523 2584
  23537 2585
  23599 2581
  23604 2550
  23608 2551
  23616 2590
  23630 2582
  23637 2601
  23692 2593
  23701 2592
  23704 2594
  23714 2596
  23725 2595
  23781 2550
  23855 2597
  23941 2599
  23997 2613
  23998 2604
  24004 2604
  24028 2612
  24038 2607
  24071 2615
  24082 2600
  24099 2602
  24111 2608
  24117 2603
  24117 2606
  24121 2611
  24129 2616
  24141 2617
  24156 2618
  24229 2640
  24231 2591
  24233 2620
  24235 2619
  24241 2621
  24264 2624
  24269 2622
  24285 2625
  24288 2623
  24381 2628
  24395 2642
  24409 2637
  24425 2644
  24434 2643
  24453 2638
  24463 2647
  24464 2648
  24473 2614
  24506 2639
  24521 2651
  24531 2649
  24590 2663
  24595 2657
  24612 2662
  24632 2661
  24634 2665
  24682 2629
  24707 2656
  24722 2641
  24723 2633
  24741 2667
  24747 2636
  24749 2634
  24755 2667
  24760 2634
  24784 2654
  24785 2674
  24790 2672
  24791 2668
  24792 2673
  24817 2650
  24821 2677
  24838 2646
  24881 2676
  24884 2679
  24884 2680
  24909 2675
  24926 2690
  24930 2683
  24959 2714
  24961 2681
  25003 2695
  25020 2691
  25024 2684
  25025 2686
  25026 2686
  25029 2697
  25030 2687
  25031 2687
  25048 2688
  25065 2685
  25067 2698
  25069 2655
  25075 2699
  25097 2708
  25097 2727
  25102 2706
  25103 2709
  25134 2704
  25142 2692
  25143 2694
  25144 2693
  25146 2717
  25161 2713
  25164 2711
  25172 2716
  25221 2722
  25225 2718
  25231 2721
  25237 2701
  25238 2720
  25248 2712
  25258 2710
  25280 2723
  25281 2719
  25284 2719
  25331 2724
  25332 2725
  25352 2729
  25360 2728
  25376 2731
  25384 2730
  25399 2735
  25400 2788
  25402 2735
  25413 2734
  25443 2788
  25453 2737
  25454 2738
  25478 2745
  25480 2744
  25496 2743
  25498 2726
  25504 2754
  25507 2747
  25508 2749
  25515 2758
  25517 2751
  25523 2752
  25525 2750
  25530 2739
  25531 2740
  25533 2746
  25570 2763
  25603 2753
  25638 2761
  25640 2742
  25640 2816
  25646 2765
  25654 2772
  25670 2755
  25676 2715
  25690 2764
  25718 2759
  25735 2766
  25757 2756
  25761 2788
  25806 2770
  25825 2773
  25828 2762
  25836 2742
  25852 2767
  25861 2775
  25870 2769
  25875 2771
  25876 2777
  25879 2774
  25907 2781
  25915 2768
  25946 2776
  25950 2784
  25955 2778
  25958 2779
  25967 2780
  25999 2732
  26012 2783
  26013 2783
  26017 2836
  26018 2748
  26026 2822
  26034 2782
  26088 2791
  26089 2789
  26092 2790
  26100 2785
  26114 2842
  26140 2794
  26143 2795
  26151 2811
  26157 2815
  26160 2797
  26177 2802
  26178 2796
  26181 2803
  26183 2801
  26189 2793
  26192 2821
  26196 2804
  26213 2807
  26220 2809
  26223 2817
  26232 2798
  26238 2799
  26242 2812
  26252 2813
  26259 2835
  26274 2819
  26302 2800
  26306 2845
  26330 2824
  26339 2823
  26341 2787
  26342 2827
  26345 2825
  26346 2826
  26356 2829
  26365 2828
  26371 2830
  26376 2831
  26377 2832
  26389 2833
  26400 2834
  26404 2848
  26410 2805
  26414 2843
  26422 2851
  26425 2839
  26434 2838
  26445 2840
  26452 2850
  26469 2814
  26483 2855
  26485 2820
  26498 2820
  26501 2844
  26512 2841
  26514 2810
  26556 2858
  26571 2852
  26580 2853
  26592 2887
  26598 2868
  26601 2865
  26607 2861
  26609 2863
  26609 2869
  26631 2854
  26644 2864
  26648 2856
  26649 2859
  26654 2760
  26666 2857
  26685 2860
  26690 2862
  26710 2876
  26713 2883
  26733 2872
  26738 2877
  26739 2878
  26740 2874
  26742 2873
  26747 2881
  26761 2915
  26768 2888
  26773 2884
  26778 2890
  26781 2882
  26794 2891
  26806 2889
  26811 2885
  26856 2870
  26932 2894
  26939 2880
  26949 2897
  26950 2898
  26974 2900
  26979 2893
  26981 2904
  26985 2896
  27004 2902
  27048 2907
  27074 2906
  27077 2903
  27092 2895
  27111 2892
  27159 2911
  27184 2913
  27185 2914
  27197 2920
  27207 2917
  27214 2921
  27232 2919
  27244 2916
  27253 2924
  27282 2918
  27306 2923
  27309 2947
  27351 2935
  27361 2922
  27380 2928
  27385 2927
  27398 2929
  27400 2926
  27404 2930
  27411 2952
  27415 2931
  27418 2945
  27422 2936
  27423 2937
  27436 2933
  27439 2973
  27448 2940
  27451 2939
  27470 2941
  27473 2938
  27482 2943
  27518 2948
  27521 2946
  27527 2942
  27531 2956
  27533 2944
  27562 2951
  27573 2949
  27600 2954
  27619 2960
  27620 2958
  27635 2962
  27664 2975
  27666 2955
  27714 2969
  27723 2967
  27734 2966
  27762 2974
  27765 2950
  27777 2964
  27795 2979
  27799 2980
  27800 2968
  27808 2978
  27813 2965
  27827 2970
  27831 2908
  27838 2984
  27840 2983
  27843 2971
  27845 2977
  27885 2986
  27925 2981
  27939 2959
  27958 2961
  27962 2989
  27978 2997
  27981 2987
  27982 2992
  27991 2993
  28026 2990
  28027 3001
  28049 2996
  28078 2988
  28079 2991
  28113 2957
  28119 2957
  28120 2976
  28122 2994
  28150 3007
  28155 2963
  28186 3003
  28196 2998
  28206 3029
  28208 3002
  28220 3017
  28222 3014
  28232 3005
  28235 3006
  28240 3015
  28249 3025
  28252 3008
  28257 3022
  28258 3018
  28259 3011
  28269 3016
  28270 3012
  28272 3023
  28276 3028
  28295 3019
  28296 3020
  28298 3059
  28300 3013
  28302 3030
  28303 3009
  28316 2985
  28324 3024
  28335 3010
  28351 3026
  28357 3021
  28376 3038
  28381 3037
  28415 3035
  28424 3032
  28452 3039
  28479 3040
  28485 3041
  28492 3045
  28498 3042
  28513 3058
  28517 3044
  28536 3051
  28570 3052
  28571 3054
  28572 3047
  28576 3056
  28577 3047
  28590 3049
  28595 3048
  28617 3055
  28630 3031
  28631 3053
  28636 3027
  28638 3064
  28655 3034
  28670 3061
  28672 3043
  28680 3060
  28699 3062
  28749 3072
  28766 3076
  28788 3069
  28796 3070
  28805 3067
  28806 3078
  28815 3068
  28825 3071
  28829 3082
  28833 3075
  28841 3084
  28845 3087
  28875 3085
  28876 3081
  28882 3089
  28888 3074
  28900 3083
  28910 3080
  28919 3095
  28924 3086
  28927 3091
  28945 3090
  28950 3096
  28960 3100
  28960 3103
  28967 3092
  28974 3073
  28977 3093
  28997 3088
  28998 3088
  29009 3094
  29025 3101
  29046 3065
  29050 3079
  29059 3066
  29067 3098
  29076 3108
  29087 3099
  29128 3109
  29146 3077
  29160 3136
  29171 3149
  29186 3104
  29189 3112
  29192 3110
  29196 3106
  29209 3107
  29216 3113
  29220 3102
  29265 3115
  29278 3120
  29296 3057
  29311 3136
  29330 3128
  29338 3111
  29340 3117
  29357 3127
  29366 3125
  29377 3124
  29383 3116
  29387 3119
  29387 3121
  29415 3118
  29417 3133
  29475 3130
  29484 3126
  29499 3131
  29530 3137
  29532 3138
  29544 3141
  29548 3140
  29579 3143
  29583 3139
  29586 3142
  29591 3145
  29597 3136
  29646 3135
  29663 3146
  29691 3157
  29730 3156
  29747 3153
  29759 3154
  29789 3150
  29796 3151
  29798 3165
  29800 3162
  29805 3152
  29814 3166
  29822 3158
  29825 3159
  29830 3160
  29837 3161
  29846 3163
  29855 3169
  29870 3197
  29883 3173
  29892 3175
  29928 3164
  29949 3144
  29949 3174
  29950 3171
  29980 3178
  30001 3168
  30010 3177
  30019 3147
  30058 3186
  30059 3185
  30064 3155
  30068 3187
  30078 3179
  30083 3190
  30087 3184
  30099 3193
  30108 3200
  30121 3196
  30136 3191
  30176 3182
  30177 3203
  30179 3188
  30180 3208
  30183 3188
  30197 3198
  30214 3204
  30236 3202
  30242 3209
  30254 3205
  30267 3207
  30283 3213
  30308 3223
  30312 3216
  30314 3224
  30322 3206
  30323 3183
  30336 3233
  30358 3221
  30377 3222
  30383 3219
  30419 3214
  30440 3226
  30445 3227
  30462 3220
  30463 3230
  30498 3241
  30508 3232
  30515 3240
  30553 3235
  30560 3239
  30569 3225
  30594 3244
  30610 3237
  30626 3256
  30655 3243
  30657 3249
  30671 3250
  30684 3246
  30686 3238
  30711 3236
  30714 3245
  30744 3245
  30774 3250
  30775 3250
  30776 3248
  30785 3256
  30790 3250
  30792 3250
  30813 3212
  30815 3258
  30829 3253
  30840 3215
  30849 3257
  30859 3258
  30865 3250
  30867 3256
  30868 3261
  30873 3256
  30875 3260
  30876 3262
  30887 3263
  30892 3251
  30895 3254
  30934 3267
  30945 3269
  30949 3268
  30988 3271
  30992 3273
  31014 3275
  31029 3265
  31031 3276
  31035 3283
  31053 3258
  31059 3270
  31068 3278
  31090 3281
  31094 3258
  31122 3274
  31125 3264
  31129 3282
  31131 3258
  31145 3259
  31153 3280
  31155 3296
  31156 3280
  31158 3280
  31161 3285
  31166 3277
  31173 3281
  31189 3297
  31198 3266
  31217 3285
  31253 3289
  31273 3281
  31278 3252
  31293 3285
  31302 3279
  31311 3287
  31335 3366
  31346 3290
  31370 3292
  31373 3318
  31391 3302
  31421 3305
  31428 3294
  31430 3307
  31433 3286
  31438 3308
  31442 3299
  31446 3288
  31466 3309
  31472 3300
  31478 3311
  31497 3301
  31508 3303
  31513 3312
  31528 3306
  31529 3298
  31531 3314
  31532 3314
  31533 3318
  31540 3315
  31551 3313
  31565 3318
  31571 3316
  31572 3304
  31650 3310
  31653 3321
  31671 3319
  31689 3325
  31701 3326
  31706 3335
  31708 3320
  31712 3323
  31723 3333
  31729 3327
  31743 3331
  31754 3336
  31761 3347
  31768 3332
  31797 3347
  31845 3334
  31860 3337
  31875 3347
  31883 3338
  31892 3340
  31915 3341
  31926 3347
  31941 3354
  31968 3344
  31974 3358
  31982 3346
  31989 3349
  32007 3351
  32021 3356
  32025 3352
  32026 3360
  32032 3357
  32035 3350
  32044 3361
  32059 3329
  32059 3397
  32078 3362
  32089 3363
  32103 3353
  32143 3343
  32153 3365
  32178 3367
  32183 3359
  32189 3378
  32191 3369
  32192 3368
  32205 3375
  32207 3370
  32216 3348
  32224 3383
  32226 3377
  32231 3376
  32249 3377
  32256 3379
  32266 3374
  32270 3450
  32271 3390
  32284 3386
  32284 3387
  32285 3385
  32287 3380
  32292 3384
  32300 3393
  32302 3381
  32306 3373
  32306 3389
  32314 3364
  32347 3391
  32395 3399
  32414 3405
  32424 3395
  32434 3396
  32453 3420
  32466 3404
  32470 3409
  32479 3402
  32495 3394
  32499 3400
  32508 3412
  32510 3429
  32512 3392
  32514 3421
  32520 3417
  32529 3423
  32531 3431
  32533 3414
  32534 3422
  32535 3419
  32540 3419
  32543 3413
  32549 3418
  32552 3428
  32555 3425
  32559 3427
  32564 3398
  32577 3426
  32579 3415
  32580 3406
  32584 3424
  32588 3416
  32594 3410
  32595 3434
  32605 3433
  32614 3430
  32616 3408
  32626 3407
  32633 3436
  32634 3439
  32638 3438
  32642 3441
  32643 3432
  32648 3437
  32666 3449
  32670 3444
  32671 3443
  32679 3442
  32694 3447
  32700 3447
  32707 3453
  32714 3440
  32719 3403
  32730 3456
  32742 3452
  32754 3451
  32763 3454
  32767 3455
  32772 3445
  32774 3448
  32778 3464
  32782 3459
  32786 3435
  32787 3457
  32793 3461
  32813 3463
  32822 3462
  32854 3458
  32872 3466
  32903 3467
  32912 3469
  32940 3468
  32978 3473
  32987 3476
  32989 3474
  32997 3477
  33012 3475
  33025 3482
  33040 3470
  33053 3479
  33053 3502
  33060 3483
  33074 3471
  33097 3481
  33099 3465
  33101 3478
  33128 3490
  33140 3485
  33160 3489
  33166 3486
  33180 3491
  33195 3487
  33207 3492
  33234 3495
  33242 3488
  33249 3493
  33277 3500
  33343 3501
  33362 3508
  33367 3523
  33371 3504
  33375 3499
  33379 3506
  33385 3511
  33390 3507
  33408 3510
  33410 3513
  33430 3514
  33432 3512
  33446 3509
  33467 3515
  33532 3517
  33550 3521
  33604 3524
  33615 3522
  33623 3516
  33635 3526
  33647 3533
  33648 3520
  33667 3497
  33667 3525
  33669 3527
  33671 3529
  33701 3565
  33752 3537
  33753 3537
  33759 3541
  33760 3535
  33766 3530
  33779 3536
  33782 3534
  33786 3534
  33799 3539
  33806 3540
  33824 3557
  33836 3551
  33843 3555
  33846 3546
  33866 3547
  33868 3542
  33871 3557
  33893 3545
  33894 3545
  33923 3564
  33927 3550
  33932 3552
  33940 3559
  33948 3554
  33952 3568
  33953 3543
  33960 3558
  33964 3549
  33991 3561
  34004 3567
  34005 3573
  34012 3563
  34025 3563
  34028 3544
  34028 3571
  34030 3556
  34071 3570
  34075 3569
  34080 3574
  34134 3562
  34159 3580
  34160 3585
  34195 3577
  34219 3588
  34220 3591
  34232 3583
  34248 3592
  34257 3593
  34266 3597
  34298 3596
  34306 3598
  34308 3589
  34325 3595
  34326 3599
  34335 3601
  34351 3602
  34353 3600
  34366 3620
  34374 3594
  34378 3606
  34415 3605
  34426 3607
  34433 3608
  34478 3611
  34511 3609
  34513 3617
  34535 3615
  34546 3612
  34554 3621
  34561 3614
  34562 3614
  34566 3610
  34575 3618
  34583 3613
  34599 3624
  34612 3623
  34641 3619
  34684 3626
  34688 3638
  34692 3622
  34695 3627
  34697 3628
  34698 3630
  34709 3636
  34711 3633
  34714 3634
  34717 3635
  34718 3625
  34719 3629
  34731 3637
  34767 3631
  34778 3640
  34780 3641
  34802 3643
  34814 3644
  34815 3647
  34819 3639
  34836 3646
  34883 3649
  34889 3642
  34898 3651
  34905 3653
  34908 3648
  34913 3650
  34917 3652
  34935 3655
  34980 3660
  34986 3661
  34989 3656
  34995 3659
  34996 3662
  35002 3657
  35003 3658
  35006 3663
  35025 3654
  35028 3667
  35034 3667
  35041 3664
  35042 3664
  35043 3666
  35064 3665
  35067 3670
  35088 3672
  35097 3673
  35113 3669
  35123 3668
  35131 3676
  35149 3671
  35164 3675
  35165 3679
  35177 3678
  35181 3677
  35191 3674
  35193 3681
  35224 3684
  35249 3683
  35266 3682
  35268 3686
  35269 3688
  35285 3687
  35292 3691
  35294 3689
  35299 3693
  35314 3692
  35321 3690
  35340 3696
  35347 3697
  35352 3694
  35376 3683
  35389 3695
  35392 3711
  35405 3701
  35413 3700
  35417 3706
  35435 3704
  35440 3705
  35446 3707
  35448 3702
  35502 3710
  35507 3712
  35539 3717
  35540 3715
  35545 3716
  35546 3713
  35556 3714
  35581 3719
  35594 3720
  35604 3723
  35608 3752
  35616 3718
  35669 3728
  35676 3726
  35697 3727
  35698 3725
  35711 3729
  35727 3721
  35731 3731
  35734 3730
  35734 3732
  35746 3722
  35757 3724
  35773 3734
  35797 3733
  35833 3742
  35835 3736
  35840 3737
  35841 3739
  35855 3743
  35856 3738
  35857 3744
  35861 3749
  35869 3735
  35878 3741
  35879 3777
  35883 3740
  35905 3758
  35907 3763
  35913 3755
  35930 3764
  35931 3756
  35933 3761
  35945 3759
  35948 3759
  35955 3757
  35956 3765
  35968 3768
  35969 3767
  35979 3762
  35997 3746
  35999 3769
  36001 3745
  36005 3772
  36007 3748
  36008 3769
  36011 3750
  36016 3753
  36017 3751
  36018 3754
  36025 3770
  36036 3789
  36043 3773
  36048 3776
  36051 3778
  36055 3775
  36058 3774
  36084 3779
  36101 3783
  36104 3781
  36107 3771
  36136 3782
  36137 3795
  36138 3780
  36147 3784
  36148 3785
  36154 3787
  36156 3791
  36158 3786
  36160 3788
  36167 3790
  36192 3795
  36193 3799
  36197 3800
  36199 3798
  36200 3801
  36203 3802
  36204 3803
  36215 3796
  36224 3805
  36227 3808
  36228 3808
  36231 3806
  36238 3794
  36238 3804
  36243 3810
  36256 3812
  36263 3809
  36265 3811
  36266 3813
  36267 3814
  36288 3815
  36292 3816
  36299 3817
  36304 3818
  36308 3820
  36311 3819
  36314 3821
  36319 3822
  36319 3848
  36331 3823
  36348 3825
  36348 3852
  36359 3826
  36359 3830
  36361 3827
  36370 3824
  36376 3828
  36386 3901
  36417 3831
  36439 3829
  36441 3833
  36443 3834
  36445 3836
  36446 3832
  36469 3841
  36470 3845
  36471 3843
  36475 3839
  36476 3837
  36477 3840
  36481 3844
  36487 3842
  36493 3835
  36504 3847
  36504 3856
  36505 3838
  36506 3846
  36516 3851
  36530 3855
  36535 3853
  36539 3846
  36548 3857
  36577 3860
  36581 3854
  36581 3865
  36582 3859
  36604 3861
  36606 3862
  36607 3863
  36620 3864
  36621 3858
  36638 3868
  36644 3876
  36649 3867
  36660 3850
  36662 3889
  36669 3869
  36670 3873
  36675 3875
  36678 3872
  36686 3870
  36697 3882
  36699 3877
  36702 3871
  36706 3884
  36708 3878
  36712 3880
  36722 3881
  36737 3885
  36740 3883
  36743 3879
  36754 3887
  36756 3886
  36776 3835
  36789 3888
  36827 3892
  36832 3891
  36847 3172
  36875 3893
  36889 3894
  36895 3915
  36897 3896
  36902 3897
  36906 3903
  36907 3895
  36909 3905
  36914 3900
  36918 3904
  36921 3898
  36923 3902
  36925 3890
  36926 3911
  36928 3907
  36941 3907
  36953 3906
  36967 3908
  36971 3910
  36979 3912
  36981 3920
  37014 3914
  37024 3913
  37032 3919
  37036 3917
  37047 3916
  37061 3923
  37063 3921
  37072 3922
  37072 3924
  37073 3931
  37078 3925
  37079 3926
  37080 3926
  37099 3942
  37126 3929
  37132 3930
  37136 3928
  37156 3933
  37170 3934
  37178 3936
  37183 3935
  37194 3932
  37219 3937
  37224 3940
  37229 3938
  37235 3941
  37237 3943
  37244 3944
  37258 3945
  37264 3947
  37268 3946
  37285 3952
  37288 3951
  37290 3949
  37291 3954
  37294 3950
  37306 3953
  37320 3955
  37325 3956
  37326 3957
  37358 3958
  37363 3959
  37366 3962
  37375 3964
  37386 3963
  37390 3961
  37396 3969
  37398 3967
  37425 3970
  37429 3968
  37439 3973
  37443 3971
  37443 3984
  37452 3974
  37466 3972
  37480 3975
  37483 3976
  37488 3979
  37496 3981
  37497 3977
  37502 3978
  37514 3983
  37520 3982
  37542 3985
  37544 3966
  37544 3986
  37591 3987
  37599 3989
  37609 3988
  37613 3991
  37616 3994
  37617 3992
  37618 3990
  37619 3993
  37624 3995
  37628 3996
  37629 3997
  37635 4002
  37642 3998
  37643 4000
  37646 4003
  37647 3999
  37654 4004
  37655 4006
  37656 4001
  37661 4005
  37666 4008
  37674 4011
  37686 4012
  37687 4016
  37690 4024
  37691 4013
  37695 4014
  37697 4010
  37699 4018
  37702 4015
  37703 4015
  37705 4017
  37723 4020
  37729 4022
  37730 4021
  37732 4023
  37738 4025
  37760 4026
  37772 4027
  37773 4027
  37816 4029
  37845 4030
  37853 4035
  37855 4031
  37860 4032
  37863 4033
  37928 4037
  37930 4036
  37935 4034
  37967 4038
  37969 4039
  37993 4040
  37999 4041
  38010 4043
  38018 4044
  38031 4045
  38031 4046
  38033 4045
  38040 4048
  38042 4047
  38049 4050
  38050 4049
  38068 4051
  38069 4053
  38078 4054
  38124 4058
  38140 4056
  38146 4055
  38148 4068
  38150 4062
  38151 4060
  38154 4063
  38156 4057
  38156 4065
  38161 4066
  38166 4069
  38167 4064
  38168 4067
  38169 4059
  38176 4072
  38201 4073
  38207 4074
  38209 4076
  38212 4081
  38213 4139
  38216 4075
  38218 4077
  38238 4078
  38240 4079
  38244 4080
  38272 4084
  38274 4082
  38275 4083
  38283 4085
  38288 4090
  38290 4086
  38298 4089
  38302 4088
  38303 4087
  38308 4091
  38323 4093
  38324 4095
  38338 4092
  38343 4108
  38346 4094
  38361 4096
  38363 4097
  38365 4098
  38370 4100
  38373 4101
  38392 4102
  38407 4104
  38411 4105
  38417 4106
  38423 4108
  38427 4109
  38440 4111
  38441 4110
  38451 4122
  38452 4112
  38460 4114
  38461 4108
  38492 4116
  38503 4117
  38507 4118
  38508 4121
  38524 4125
  38527 4119
  38531 4123
  38550 4127
  38553 4120
  38555 4128
  38565 4126
  38573 4131
  38578 4133
  38580 4129
  38593 4132
  38601 4135
  38605 4134
  38618 4136
  38619 4137
  38643 4138
  38645 4142
  38654 4143
  38669 4141
  38688 4144
  38693 4145
  38704 4148
  38721 4146
  38739 4151
  38741 4149
  38742 4150
  38749 4152
  38761 4155
  38773 4156
  38777 4159
  38795 4157
  38802 4158
  38834 4161
  38851 4162
  38877 4164
  38881 4163
  38882 4166
  38885 4165
  38887 4172
  38890 4168
  38892 4169
  38897 4173
  38906 4174
  38912 4175
  38928 4176
  38937 4177
  38938 4181
  38943 4178
  38950 4179
  38964 4180
  38988 4183
  38995 4185
  39004 4187
  39023 4190
  39025 4189
  39028 4192
  39034 4191
  39040 4193
  39057 4186
  39059 4188
  39068 4194
  39082 4195
  39090 4198
  39098 4196
  39114 4197
  39120 4201
  39124 4200
  39135 4199
  39143 4205
  39158 4203
  39179 4204
  39183 4206
  39184 4210
  39195 4211
  39206 4207
  39221 4211
  39223 4213
  39224 4212
  39225 4214
  39237 4218
  39241 4217
  39246 4216
  39251 4215
  39266 4221
  39285 4220
  39308 4222
  39312 4226
  39315 4219
  39328 4224
  39329 4227
  39337 4225
  39341 4229
  39346 4236
  39353 4232
  39354 4231
  39366 4238
  39384 4233
  39388 4234
  39389 4235
  39393 4237
  39398 4239
  39411 4240
  39411 4243
  39414 4250
  39422 4244
  39423 4242
  39437 4245
  39461 4248
  39479 4246
  39480 4247
  39481 4249
  39483 4241
  39484 4219
  39492 4251
  39495 4202
  39525 4253
  39537 4252
  39568 4256
  39578 4254
  39592 4255
  39600 4258
  39624 4257
  39656 4260
  39657 4259
  39659 4261
  39676 4262
  39683 4271
  39687 4264
  39698 4263
  39698 4265
  39699 4266
  39710 4267
  39712 4268
  39715 4272
  39718 4270
  39719 4269
  39724 4274
  39728 4275
  39738 4273
  39759 4277
  39764 4278
  39765 4276
  39775 4284
  39791 4291
  39800 4283
  39801 4281
  39809 4282
  39812 4279
  39840 4288
  39841 4288
  39842 4285
  39846 4286
  39859 4290
  39860 4287
  39886 4289
  39906 4295
  39907 4293
  39922 4292
  39925 4294
  39940 4297
  39943 4296
  39950 4298
  39968 4299
  39972 4300
  39974 4302
  39981 4319
  40001 4303
  40011 4308
  40030 4305
  40032 4306
  40033 4307
  40051 4309
  40055 4304
  40085 4331
  40086 4310
  40086 4338
  40087 4301
  40087 4303
  40095 4312
  40097 4314
  40105 4313
  40119 4316
  40122 4318
  40133 4332
  40153 4321
  40160 4320
  40169 4335
  40171 4322
  40171 4323
  40179 4324
  40183 4325
  40192 4326
  40201 4330
  40209 4328
  40212 4329
  40217 4333
  40218 4334
  40228 4346
  40231 4336
  40233 4363
  40240 4339
  40245 4340
  40249 4344
  40251 4343
  40252 4342
  40280 4341
  40284 4348
  40295 4350
  40296 4357
  40303 4353
  40306 4351
  40309 4364
  40313 4352
  40314 4358
  40330 4359
  40342 4356
  40350 4362
  40363 4360
  40375 4365
  40378 4386
  40396 4369
  40421 4366
  40439 4370
  40442 4371
  40449 4375
  40455 4374
  40475 4384
  40477 4377
  40484 4379
  40490 4378
  40494 4376
  40498 4373
  40499 4392
  40500 4391
  40507 4380
  40515 4382
  40516 4383
  40537 4389
  40549 4373
  40562 4387
  40564 4385
  40581 4388
  40596 4395
  40596 4400
  40597 4390
  40600 4393
  40614 4394
  40622 4396
  40643 4405
  40644 4402
  40653 4406
  40656 4403
  40666 4404
  40668 4408
  40692 4414
  40694 4410
  40695 4411
  40697 4410
  40705 4413
  40715 4412
  40727 4415
  40735 4373
  40743 4416
  40745 4411
  40756 4417
  40762 4355
  40772 4419
  40775 4409
  40775 4420
  40785 4421
  40801 4423
  40809 4424
  40813 4422
  40816 4425
  40836 4441
  40850 4429
  40851 4430
  40852 4431
  40860 4428
  40875 4432
  40886 4434
  40894 4433
  40898 4435
  40903 4436
  40914 4438
  40922 4456
  40927 4440
  40950 4442
  40962 4446
  40973 4449
  40979 4447
  40987 4445
  40988 4448
  41024 4450
  41043 4444
  41050 4451
  41060 4452
  41066 4455
  41069 4460
  41072 4453
  41083 4454
  41087 4484
  41095 4458
  41101 4457
  41104 4459
  41111 4461
  41148 4464
  41150 4462
  41157 4465
  41164 4469
  41169 4467
  41170 4466
  41171 4468
  41189 4470
  41220 4472
  41222 4481
  41225 4475
  41228 4473
  41241 4474
  41255 4476
  41260 4477
  41272 4482
  41297 4478
  41302 4479
  41317 4480
  41326 4485
  41327 4486
  41333 4490
  41339 4483
  41361 4486
  41363 4488
  41365 4489
  41376 4491
  41377 4486
  41383 4492
  41399 4487
  41409 4493
  41436 4500
  41438 4495
  41441 4494
  41457 4497
  41463 4529
  41471 4496
  41471 4505
  41472 4498
  41473 4496
  41489 4510
  41517 4501
  41527 4513
  41531 4502
  41537 4499
  41538 4503
  41546 4506
  41555 4504
  41560 4511
  41578 4517
  41601 4512
  41610 4514
  41618 4437
  41621 4521
  41652 4515
  41660 4509
  41661 4516
  41674 4518
  41706 4519
  41719 4519
  41729 4522
  41746 4523
  41748 4520
  41755 4525
  41757 4524
  41772 4526
  41779 4534
  41781 4528
  41789 4527
  41806 4531
  41811 4532
  41812 4535
  41816 4533
  41823 4536
  41838 4545
  41839 4539
  41850 4538
  41864 4542
  41876 4540
  41896 4547
  41897 4549
  41909 4537
  41911 4541
  41923 4543
  41934 4548
  41939 4546
  41943 4550
  41955 4562
  41958 4544
  41960 4507
  41963 4551
  41968 4552
  41974 4565
  41975 4555
  41980 4556
  41991 4572
  41995 4557
  42002 4559
  42005 4558
  42007 4566
  42018 4553
  42020 4561
  42030 4563
  42038 4565
  42051 4564
  42064 4567
  42069 4568
  42089 4569
  42096 4570
  42097 4559
  42100 4571
  42139 4589
  42149 4578
  42152 4576
  42166 4574
  42167 4573
  42168 4579
  42174 4580
  42181 4575
  42198 4583
  42199 4581
  42215 4585
  42223 4584
  42241 4586
  42253 4587
  42277 4588
  42319 4591
  42336 4592
  42369 4603
  42375 4593
  42396 4595
  42401 4596
  42407 4594
  42408 4605
  42427 4598
  42429 4597
  42441 4603
  42447 4600
  42453 4599
  42476 4602
  42486 4603
  42489 4604
  42492 4601
  42510 4603
  42516 4606
  42530 4617
  42544 4607
  42545 4608
  42564 4611
  42570 4613
  42573 4614
  42574 4612
  42575 4618
  42584 4615
  42594 4619
  42595 4648
  42607 4625
  42619 4620
  42620 4627
  42628 4621
  42637 4631
  42640 4603
  42647 4623
  42662 4616
  42680 4626
  42681 4628
  42688 4630
  42689 4632
  42692 4629
  42699 4633
  42701 4622
  42704 4635
  42707 4634
  42708 4644
  42728 4638
  42734 4636
  42740 4646
  42741 4639
  42744 4637
  42753 4640
  42764 4645
  42769 4641
  42791 4642
  42797 4643
  42802 4652
  42813 4645
  42816 4647
  42823 4655
  42831 4649
  42833 4651
  42845 4622
  42847 4653
  42852 4622
  42857 4654
  42863 4656
  42879 4645
  42891 4650
  42904 4662
  42913 4659
  42917 4660
  42929 4658
  42942 4669
  42946 4663
  42951 4650
  42970 4624
  42970 4665
  42975 4666
  42983 4661
  42987 4670
  42998 4675
  42999 4668
  43008 4673
  43029 4671
  43050 4674
  43062 4676
  43065 4676
  43073 4672
  43101 4686
  43118 4680
  43120 4696
  43127 4677
  43141 4693
  43143 4685
  43147 4682
  43149 4684
  43155 4696
  43157 4687
  43166 4681
  43170 4679
  43173 4695
  43182 4683
  43186 4689
  43189 4688
  43200 4692
  43202 4690
  43218 4696
  43238 4691
  43241 4694
  43249 4696
  43254 4698
  43255 4707
  43262 4696
  43276 4697
  43286 4711
  43288 4704
  43296 4696
  43317 4702
  43321 4699
  43330 4700
  43331 4701
  43342 4703
  43350 4705
  43368 4712
  43375 4710
  43382 4708
  43385 4678
  43399 4715
  43411 4706
  43413 4713
  43423 4709
  43426 4750
  43428 4719
  43430 4732
  43437 4721
  43442 4714
  43451 4725
  43455 4728
  43463 4718
  43464 4716
  43467 4717
  43478 4720
  43490 4737
  43494 4724
  43495 4736
  43499 4727
  43504 4741
  43507 4731
  43508 4723
  43509 4735
  43516 4733
  43517 4738
  43525 4734
  43527 4749
  43539 4745
  43559 4726
  43560 4722
  43571 4739
  43586 4747
  43591 4729
  43594 4742
  43601 4746
  43611 4730
  43643 4748
  43653 4743
  43656 4754
  43661 4744
  43671 4753
  43707 4758
  43715 4757
  43723 4751
  43725 4756
  43733 4762
  43744 4767
  43754 4759
  43754 4776
  43757 4761
  43759 4774
  43763 4760
  43766 4766
  43768 4764
  43768 4778
  43775 4765
  43784 4771
  43791 4785
  43792 4763
  43798 4772
  43804 4770
  43810 4773
  43826 4775
  43837 4779
  43845 4767
  43852 4777
  43869 4789
  43870 4780
  43874 4788
  43875 4787
  43895 4789
  43902 4781
  43922 4786
  43924 4782
  43926 4783
  43929 4784
  43931 4800
  43939 4793
  43946 4801
  43950 4791
  43954 4767
  43969 4809
  43971 4810
  43972 4790
  43981 4798
  43998 4795
  43999 4792
  44012 4794
  44017 4799
  44025 4814
  44030 4805
  44037 4807
  44061 4803
  44086 4808
  44087 4802
  44087 4804
  44114 4816
  44116 4806
  44136 4834
  44144 4819
  44148 4821
  44160 4813
  44162 4824
  44176 4828
  44178 4827
  44182 4826
  44188 4837
  44191 4818
  44201 4811
  44204 4812
  44227 4820
  44236 4822
  44261 4825
  44271 4835
  44284 4857
  44298 4839
  44299 4823
  44305 4829
  44313 4830
  44323 4841
  44324 4840
  44328 4836
  44329 4841
  44337 4842
  44338 4842
  44340 4831
  44361 4832
  44362 4846
  44383 4838
  44388 4843
  44392 4845
  44405 4848
  44409 4835
  44424 4849
  44439 4851
  44449 4850
  44464 4847
  44481 4853
  44502 4854
  44534 4859
  44535 4858
  44536 4861
  44539 4860
  44557 4868
  44566 4864
  44568 4867
  44569 4870
  44572 4855
  44578 4865
  44582 4856
  44587 4869
  44600 4866
  44606 4871
  44610 4862
  44621 4873
  44624 4872
  44628 4874
  44640 4875
  44650 4863
  44658 4876
  44682 4883
  44684 4901
  44686 4881
  44690 4893
  44697 4892
  44698 4882
  44715 4884
  44717 4895
  44719 4880
  44732 4894
  44736 4898
  44737 4895
  44747 4878
  44761 4877
  44766 4888
  44768 4896
  44781 4885
  44787 4879
  44793 4890
  44796 4887
  44797 4900
  44799 4906
  44801 4916
  44807 4912
  44807 4914
  44819 4907
  44828 4908
  44829 4897
  44838 4917
  44840 4911
  44841 4899
  44846 4904
  44847 4902
  44885 4919
  44891 4915
  44894 4903
  44896 4922
  44899 4921
  44902 4905
  44903 4923
  44934 4918
  44938 4926
  44945 4927
  44949 4909
  44958 4920
  44967 4925
  44968 4926
  44977 4924
  44988 4954
  44988 4972
  45015 4932
  45027 4929
  45044 4938
  45052 4928
  45055 4931
  45082 4934
  45093 4935
  45129 4943
  45133 4944
  45142 4933
  45143 4933
  45146 4933
  45155 4930
  45161 4949
  45165 4941
  45170 4939
  45174 4936
  45177 4942
  45180 4947
  45224 4948
  45233 4952
  45235 4940
  45236 4956
  45242 4948
  45246 4951
  45253 4957
  45269 4947
  45278 4964
  45279 4945
  45280 4973
  45281 4967
  45283 4946
  45294 4950
  45299 4974
  45301 4959
  45311 4961
  45312 4960
  45313 4958
  45315 4963
  45339 4977
  45340 4955
  45349 4953
  45358 4966
  45380 4945
  45406 4971
  45425 4969
  45426 4968
  45437 4965
  45466 4970
  45484 4979
  45492 4975
  45494 4978
  45502 4987
  45522 4985
  45537 4998
  45538 4986
  45542 4983
  45559 5003
  45562 4976
  45574 4981
  45585 4984
  45593 4992
  45596 4980
  45604 4991
  45605 5007
  45606 4989
  45608 4990
  45623 4994
  45629 4996
  45631 5001
  45632 4999
  45643 4995
  45657 4993
  45658 5000
  45667 4997
  45671 4988
  45728 5002
  45739 5009
  45749 5005
  45756 5004
  45757 5004
  45787 5014
  45795 5012
  45806 5006
  45834 5021
  45836 5016
  45838 5013
  45847 5011
  45849 5023
  45859 5034
  45862 5015
  45868 5010
  45880 5029
  45883 5020
  45885 5019
  45887 5025
  45898 5011
  45900 5017
  45908 5018
  45936 5027
  45945 5040
  45947 5032
  45948 5033
  45952 5022
  45976 5028
  45991 5030
  46006 5031
  46023 5026
  46046 5041
  46057 5036
  46064 5039
  46068 5035
  46078 5037
  46081 5038
  46115 5044
  46126 5042
  46131 5052
  46138 5050
  46141 5046
  46150 5047
  46153 5055
  46166 5049
  46179 5048
  46180 5056
  46194 5051
  46202 5057
  46241 5058
  46244 5059
  46247 5054
  46278 5060
  46293 5065
  46330 5061
  46351 5062
  46354 5074
  46357 5063
  46360 5066
  46360 5069
  46375 5071
  46400 5068
  46409 5064
  46413 5083
  46424 5075
  46427 5081
  46432 5072
  46437 5070
  46440 5080
  46441 5073
  46442 5090
  46453 5076
  46456 5077
  46472 5093
  46473 5079
  46477 5089
  46490 5078
  46493 5092
  46506 5096
  46515 5098
  46525 5084
  46528 5090
  46529 5098
  46531 5085
  46535 5088
  46541 5087
  46552 5103
  46561 5095
  46566 5082
  46580 5094
  46589 5109
  46597 5086
  46599 5100
  46602 5097
  46618 5090
  46626 5091
  46627 5099
  46630 5113
  46633 5104
  46636 5107
  46661 5101
  46664 5105
  46671 5112
  46674 5102
  46719 5110
  46737 5111
  46742 5144
  46744 5116
  46746 5117
  46754 5115
  46767 5123
  46774 5108
  46782 5118
  46809 5127
  46819 5131
  46826 5119
  46827 5125
  46828 5114
  46836 5129
  46848 5122
  46866 5130
  46868 5132
  46896 5121
  46902 5124
  46905 5136
  46906 5141
  46907 5137
  46909 5133
  46910 5126
  46918 5143
  46919 5142
  46934 5145
  46938 5134
  46957 5128
  46960 5121
  46974 5135
  47011 5149
  47027 5147
  47031 5140
  47041 5154
  47055 5146
  47056 5151
  47060 5148
  47096 5163
  47124 5164
  47131 5157
  47169 5150
  47180 5158
  47187 5152
  47194 5153
  47231 5169
  47234 5166
  47235 5159
  47257 5173
  47277 5167
  47281 5165
  47283 5156
  47318 5162
  47321 5161
  47324 5201
  47330 5172
  47337 5177
  47338 5176
  47339 5171
  47346 5174
  47346 5175
  47352 5180
  47358 5178
  47363 5179
  47368 5204
  47373 5181
  47393 5187
  47394 5170
  47404 5194
  47413 5195
  47422 5185
  47425 5205
  47426 5186
  47432 5183
  47438 5184
  47441 5198
  47482 5190
  47489 5182
  47492 5199
  47498 5191
  47503 5192
  47540 5196
  47546 5197
  47549 5188
  47568 5193
  47582 5193
  47589 5202
  47598 5216
  47603 5218
  47610 5203
  47612 5207
  47637 5208
  47640 5212
  47654 5209
  47675 5214
  47678 5210
  47709 5211
  47731 5225
  47762 5206
  47788 5229
  47793 5217
  47822 5223
  47837 5228
  47842 5213
  47853 5238
  47869 5221
  47871 5222
  47877 5226
  47879 5215
  47884 5224
  47887 5215
  47895 5233
  47915 5227
  47923 5262
  47932 5230
  47953 5231
  47971 5240
  47972 5220
  47984 5235
  47997 5250
  47998 5232
  48011 5243
  48023 5239
  48043 5241
  48082 5236
  48093 5219
  48093 5244
  48110 5245
  48119 5251
  48124 5255
  48128 5246
  48129 5234
  48130 5248
  48134 5249
  48139 5237
  48171 5247
  48189 5252
  48192 5256
  48215 5295
  48292 5259
  48307 5254
  48330 5257
  48333 5263
  48334 5253
  48338 5258
  48354 5265
  48360 5261
  48371 5260
  48390 5266
  48393 5267
  48425 5283
  48467 5264
  48473 5278
  48477 5271
  48482 5279
  48521 5273
  48527 5270
  48536 5274
  48542 5276
  48544 5275
  48563 5277
  48580 5280
  48593 5266
  48614 5282
  48688 5285
  48741 5287
  48749 5289
  48761 5294
  48767 5290
  48785 5323
  48810 5314
  48811 5296
  48815 5297
  48816 5301
  48854 5293
  48860 5308
  48893 5291
  48909 5292
  48917 5303
  48930 5305
  48959 5300
  48985 5298
  49007 5302
  49011 5311
  49021 5340
  49039 5306
  49044 5322
  49069 5313
  49075 5312
  49085 5344
  49090 5304
  49112 5320
  49124 5319
  49139 5318
  49148 5321
  49157 5326
  49163 5325
  49192 5342
  49234 5327
  49236 5324
  49243 5332
  49248 5329
  49250 5336
  49264 5331
  49266 5331
  49275 5337
  49285 5341
  49307 5328
  49308 5334
  49310 5335
  49316 5330
  49322 5346
  49336 5349
  49342 5347
  49347 5350
  49353 5338
  49354 5354
  49356 5353
  49359 5351
  49370 5352
  49380 5355
  49388 5339
  49389 5358
  49408 5370
  49411 5348
  49412 5343
  49415 5345
  49424 5333
  49426 5452
  49431 5368
  49441 5361
  49451 5372
  49464 5362
  49468 5356
  49489 5376
  49508 5379
  49513 5360
  49514 5371
  49514 5390
  49534 5357
  49547 5363
  49548 5389
  49555 5364
  49563 5377
  49569 5366
  49583 5369
  49586 5365
  49598 5378
  49604 5375
  49605 5380
  49609 5391
  49610 5415
  49618 5383
  49620 5373
  49644 5412
  49650 5374
  49673 5365
  49677 5413
  49707 5384
  49711 5382
  49712 5402
  49719 5386
  49724 5387
  49739 5394
  49747 5395
  49750 5365
  49792 5392
  49799 5399
  49810 5401
  49820 5403
  49847 5406
  49863 5393
  49869 5400
  49874 5422
  49881 5430
  49889 5425
  49890 5407
  49893 5410
  49906 5405
  49908 5397
  49923 5398
  49950 5421
  49952 5409
  49965 5439
  49967 5411
  49976 5414
  49991 5416
  49993 5443
  49995 5417
  49997 5418
  50012 5433
  50028 5423
  50031 5448
  50035 5424
  50042 5440
  50057 5441
  50063 5457
  50073 5408
  50077 5434
  50080 5444
  50083 5426
  50084 5427
  50090 5445
  50100 5419
  50104 5436
  50112 5438
  50113 5437
  50121 5420
  50189 5442
  50191 5473
  50192 5454
  50213 5456
  50215 5459
  50216 5474
  50231 5475
  50239 5446
  50262 5477
  50282 5479
  50299 5463
  50309 5469
  50312 5480
  50317 5470
  50323 5468
  50331 5481
  50338 5484
  50345 5472
  50356 5464
  50369 5485
  50383 5486
  50423 5488
  50429 5476
  50430 5478
  50459 5482
  50508 5503
  50537 5487
  50543 5547
  50558 5490
  50584 5490
  50588 5500
  50600 5483
  50610 5497
  50613 5492
  50623 5499
  50630 5491
  50639 5498
  50670 5493
  50676 5496
  50701 5489
  50718 5504
  50724 5501
  50725 5509
  50728 5520
  50729 5495
  50732 5494
  50741 5508
  50745 5505
  50749 5512
  50750 5515
  50758 5517
  50776 5513
  50778 5511
  50782 5506
  50786 5507
  50807 5510
  50809 5514
  50817 5518
  50832 5526
  50865 5519
  50865 5570
  50868 5524
  50883 5540
  50889 5522
  50895 5523
  50925 5527
  50931 5521
  50942 5529
  50946 5525
  50960 5516
  50973 5533
  50981 5528
  50986 5536
  50991 5541
  50999 5531
  51006 5532
  51018 5544
  51023 5545
  51026 5561
  51047 5537
  51054 5539
  51055 5534
  51056 5538
  51066 5542
  51074 5548
  51079 5543
  51084 5546
  51104 5557
  51105 5553
  51106 5530
  51108 5550
  51118 5549
  51124 5555
  51139 5551
  51140 5552
  51155 5559
  51160 5554
  51161 5567
  51168 5568
  51182 5607
  51196 5572
  51210 5585
  51223 5560
  51226 5563
  51227 5562
  51233 5566
  51236 5579
  51241 5569
  51245 5556
  51251 5582
  51257 5573
  51263 5640
  51270 5574
  51272 5575
  51275 5576
  51282 5581
  51286 5577
  51300 5589
  51303 5665
  51312 5580
  51312 5590
  51313 5583
  51332 5587
  51340 5602
  51344 5584
  51354 5598
  51355 5596
  51356 5620
  51360 5591
  51370 5601
  51382 5603
  51391 5594
  51396 5608
  51422 5600
  51423 5599
  51428 5592
  51431 5611
  51433 5613
  51435 5615
  51439 5614
  51445 5595
  51448 5616
  51450 5610
  51456 5597
  51471 5604
  51492 5605
  51541 5622
  51564 5631
  51568 5624
  51592 5625
  51598 5623
  51603 5618
  51610 5619
  51620 5633
  51635 5630
  51641 5671
  51681 5629
  51693 5632
  51699 5628
  51705 5627
  51706 5635
  51730 5639
  51736 5637
  51751 5642
  51758 5641
  51779 5646
  51785 5636
  51787 5638
  51794 5626
  51795 5660
  51799 5712
  51807 5654
  51814 5653
  51830 5667
  51831 5656
  51834 5644
  51840 5648
  51843 5647
  51846 5645
  51850 5657
  51857 5649
  51863 5655
  51865 5650
  51875 5659
  51901 5673
  51921 5661
  51932 5678
  51953 5665
  51957 5658
  51964 5672
  51965 5675
  51969 5643
  51973 5669
  51978 5676
  51995 5666
  52018 5668
  52033 5664
  52042 5674
  52049 5663
  52057 5612
  52072 5677
  52107 5682
  52114 5683
  52116 5687
  52130 5679
  52132 5679
  52154 5689
  52161 5670
  52169 5681
  52173 5680
  52179 5684
  52189 5686
  52192 5685
  52194 5693
  52207 5697
  52235 5696
  52237 5700
  52251 5698
  52261 5695
  52266 5707
  52273 5690
  52291 5691
  52307 5714
  52315 5708
  52317 5692
  52328 5720
  52332 5717
  52334 5706
  52343 5709
  52346 5721
  52347 5702
  52354 5723
  52355 5722
  52360 5724
  52365 5701
  52369 5710
  52376 5711
  52381 5688
  52395 5705
  52396 5730
  52409 5731
  52412 5713
  52424 5727
  52438 5732
  52441 5718
  52455 5719
  52456 5725
  52458 5716
  52507 5729
  52521 5728
  52531 5739
  52535 5735
  52550 5733
  52563 5726
  52582 5737
  52597 5736
  52607 5751
  52614 5738
  52638 5747
  52641 5740
  52665 5746
  52669 5745
  52672 5748
  52678 5734
  52680 5743
  52685 5752
  52686 5754
  52690 5755
  52695 5753
  52707 5742
  52718 5741
  52735 5750
  52761 5744
  52787 5758
  52797 5759
  52825 5756
  52833 5760
  52839 5757
  52887 5762
  52905 5763
  52916 5761
  52942 5767
  53011 5765
  53012 5765
  53043 5777
  53067 5772
  53088 5771
  53089 5768
  53090 5779
  53124 5773
  53145 5769
  53186 5766
  53189 5788
  53201 5770
  53217 5783
  53231 5774
  53247 5775
  53251 5819
  53265 5784
  53275 5780
  53279 5778
  53289 5776
  53322 5782
  53339 5787
  53373 5807
  53378 5794
  53381 5805
  53402 5795
  53408 5797
  53414 5789
  53417 5781
  53437 5804
  53459 5790
  53463 5798
  53469 5832
  53499 5792
  53511 5820
  53516 5791
  53527 5786
  53530 5818
  53532 5821
  53549 5796
  53550 5793
  53554 5836
  53567 5817
  53578 5806
  53596 5801
  53597 5811
  53600 5815
  53601 5802
  53609 5803
  53618 5828
  53624 5809
  53630 5812
  53643 5813
  53653 5814
  53674 5830
  53676 5827
  53699 5835
  53709 5829
  53711 5810
  53770 5831
  53817 5837
  53831 5842
  53862 5838
  53865 5839
  53875 5799
  53894 5853
  53900 5862
  53901 5845
  53928 5847
  53930 5846
  53932 5846
  53933 5866
  53939 5860
  53941 5841
  53941 5848
  53949 5870
  53962 5849
  53965 5851
  53974 5852
  53979 5850
  53995 5857
  53996 5843
  54001 5859
  54013 5854
  54014 5855
  54018 5874
  54075 5858
  54095 5875
  54097 5861
  54110 5876
  54111 5864
  54117 5879
  54118 5865
  54119 5869
  54150 5881
  54160 5863
  54169 5872
  54223 5909
  54234 5894
  54237 5912
  54250 5833
  54267 5866
  54298 5886
  54316 5888
  54317 5889
  54351 5893
  54364 5878
  54365 5892
  54366 5895
  54367 5896
  54394 5902
  54416 5887
  54427 5880
  54428 5899
  54429 5885
  54431 5900
  54439 5883
  54445 5905
  54470 5907
  54491 5891
  54522 5908
  54602 5890
  54625 5898
  54646 5903
  54653 5914
  54654 5914
  54689 5910
  54690 5918
  54731 5911
  54761 5913
  54779 5916
  54780 5923
  54809 5917
  54816 5915
  54825 5916
  54826 5919
  54839 5920
  54849 5921
  54850 5924
  54950 5926
  55022 5939
  55072 5928
  55076 5929
  55080 5930
  55109 5932
  55117 5933
  55165 5949
  55178 5934
  55183 5935
  55233 5931
  55242 5943
  55243 5945
  55255 5936
  55274 5947
  55281 5937
  55295 5940
  55305 5950
  55309 5941
  55316 5942
  55321 5944
  55419 5963
  55435 5951
  55459 5965
  55480 5953
  55482 5954
  55491 5969
  55494 5958
  55496 5952
  55501 5956
  55510 5955
  55515 5961
  55520 5957
  55529 5971
  55552 5966
  55575 5960
  55582 5938
  55588 5962
  55609 5976
  55625 5959
  55637 5964
  55647 5981
  55665 5970
  55674 5982
  55684 5972
  55694 5974
  55725 5985
  55738 5968
  55739 5975
  55740 5987
  55757 5973
  55769 5977
  55800 5980
  55802 5989
  55838 5978
  55845 5983
  55853 5984
  55913 5992
  55918 5993
  55921 5988
  55953 5991
  55993 5990
  56008 6011
  56020 5994
  56023 5996
  56024 5967
  56044 5997
  56051 6002
  56056 6001
  56078 5967
  56081 5995
  56130 6003
  56145 6000
  56166 6004
  56219 6015
  56265 6019
  56287 6013
  56289 6008
  56294 6024
  56295 6006
  56309 6007
  56312 6009
  56334 6012
  56337 6010
  56363 6068
  56388 6068
  56410 6016
  56413 6014
  56467 6020
  56475 6017
  56481 6018
  56482 6021
  56484 6048
  56492 6023
  56495 6022
  56575 6027
  56576 6027
  56578 6027
  56579 6027
  56580 6027
  56584 6027
  56674 6071
  56716 6028
  56750 6030
  56756 6029
  56812 6038
  56842 6032
  56864 6035
  56877 6034
  56932 6040
  56941 6033
  56946 6079
  56947 6037
  56950 6036
  56960 6041
  56962 6041
  56972 6039
  56972 6042
  57006 6051
  57015 6044
  57019 6043
  57031 6045
  57033 6047
  57039 6052
  57039 6064
  57058 6050
  57075 6056
  57076 6055
  57086 6054
  57088 6053
  57090 6057
  57110 6060
  57137 6061
  57145 6062
  57146 6062
  57167 6094
  57205 6063
  57215 6065
  57230 6066
  57237 6069
  57242 6091
  57345 6070
  57353 6073
  57383 6088
  57384 6088
  57408 6077
  57409 6076
  57411 6095
  57418 6074
  57419 6074
  57426 6075
  57437 6090
  57460 6078
  57482 6086
  57486 6085
  57491 6089
  57500 6092
  57506 6081
  57509 6080
  57520 6083
  57575 6084
  57579 6111
  57583 6097
  57598 6096
  57634 6098
  57639 6102
  57640 6099
  57648 6103
  57684 6104
  57706 6100
  57716 6105
  57728 6107
  57729 6123
  57734 6108
  57748 6109
  57751 6110
  57762 6112
  57784 6114
  57799 6106
  57800 6116
  57807 6113
  57812 6127
  57812 6128
  57816 6117
  57828 6130
  57837 6119
  57842 6120
  57858 6122
  57886 6140
  57892 6136
  57908 6126
  57919 6143
  57920 6129
  57924 6118
  57927 6131
  57937 6172
  57966 6137
  57984 6142
  58002 6132
  58070 6138
  58074 6145
  58077 6141
  58078 6147
  58080 6146
  58095 6154
  58101 6157
  58105 6150
  58115 6155
  58162 6148
  58183 6149
  58185 6159
  58188 6176
  58191 6160
  58198 6158
  58233 6166
  58235 6161
  58238 6162
  58250 6163
  58265 6166
  58338 6182
  58348 6173
  58351 6174
  58362 6175
  58386 6180
  58390 6177
  58401 6179
  58423 6168
  58429 6187
  58432 6184
  58440 6189
  58456 6252
  58458 6190
  58470 6181
  58472 6251
  58477 6217
  58493 6185
  58523 6186
  58536 6156
  58554 6198
  58596 6195
  58598 6194
  58620 6197
  58644 6196
  58655 6199
  58689 6151
  58709 6214
  58723 6206
  58727 6201
  58729 6203
  58775 6211
  58778 6213
  58785 6183
  58827 6207
  58828 6223
  58840 6212
  58841 6232
  58847 6226
  58864 6237
  58864 6248
  58891 6236
  58917 6245
  58944 6219
  58979 6220
  58980 6238
  59007 6228
  59009 6244
  59017 6224
  59023 6247
  59024 6225
  59077 6246
  59083 6239
  59085 6241
  59086 6233
  59090 6246
  59106 6230
  59112 6215
  59142 6260
  59144 6234
  59161 6243
  59165 6258
  59175 6221
  59180 6215
  59186 6240
  59244 6255
  59252 6209
  59262 6275
  59274 6257
  59286 6261
  59292 6263
  59306 6264
  59312 6288
  59315 6265
  59322 6289
  59332 6269
  59340 6267
  59344 6285
  59352 6286
  59362 6270
  59365 6271
  59367 6272
  59370 6279
  59383 6274
  59386 6283
  59418 6282
  59419 6276
  59426 6278
  59428 6290
  59435 6291
  59464 6280
  59498 6292
  59510 6295
  59525 6297
  59561 6299
  59573 6303
  59583 6324
  59654 6306
  59655 6307
  59662 6310
  59681 6301
  59690 6296
  59708 6317
  59717 6319
  59739 6313
  59742 6340
  59750 6311
  59751 6312
  59807 6308
  59838 6314
  59843 6315
  59852 6320
  59868 6323
  59889 6327
  59894 6329
  59900 6321
  59927 6332
  59945 6345
  59946 6346
  59947 6338
  59961 6330
  59976 6336
  60001 6300
  60003 6339
  60004 6344
  60010 6343
  60025 6359
  60029 6305
  60036 6348
  60045 6361
  60046 6350
  60054 6358
  60060 6349
  60063 6351
  60086 6347
  60138 6365
  60164 6363
  60171 6365
  60192 6370
  60198 6328
  60220 6373
  60228 6364
  60251 6367
  60258 6376
  60264 6377
  60291 6395
  60315 6368
  60321 6381
  60322 6371
  60330 6372
  60342 6382
  60343 6385
  60355 6387
  60356 6390
  60358 6391
  60367 6386
  60384 6375
  60393 6412
  60405 6394
  60410 6393
  60416 6414
  60418 6378
  60421 6379
  60442 6399
  60459 6384
  60466 6389
  60532 6420
  60536 6411
  60543 6419
  60552 6424
  60558 6422
  60565 6409
  60573 6434
  60576 6423
  60610 6418
  60631 6461
  60637 6408
  60667 6435
  60695 6436
  60709 6417
  60729 6456
  60735 6398
  60738 6457
  60750 6403
  60753 6392
  60755 6463
  60758 6427
  60762 6449
  60766 6433
  60770 6429
  60773 6471
  60778 6470
  60779 6477
  60783 6443
  60790 6462
  60795 6454
  60796 6407
  60817 6459
  60818 6464
  60825 6446
  60829 6447
  60844 6442
  60850 6473
  60876 6452
  60883 6466
  60890 6479
  60896 6478
  60911 6458
  60918 6488
  60921 6503
  60925 6460
  60928 6489
  60938 6508
  60948 6491
  60948 6493
  60961 6493
  60972 6467
  60995 6505
  60999 6497
  61008 6484
  61009 6482
  61013 6485
  61033 6486
  61039 6487
  61072 6538
  61079 6490
  61086 6510
  61086 6511
  61089 6512
  61091 6495
  61109 6516
  61121 6521
  61123 6500
  61126 6534
  61128 6501
  61129 6504
  61166 6536
  61167 6515
  61220 6532
  61221 6524
  61230 6509
  61233 6483
  61235 6513
  61238 6518
  61239 6542
  61252 6552
  61297 6527
  61315 6492
  61352 6502
  61376 6562
  61378 6547
  61381 6560
  61399 6549
  61404 6548
  61418 6566
  61432 6555
  61462 6598
  61477 6592
  61482 6594
  61504 6571
  61506 6575
  61510 6582
  61512 6570
  61513 6582
  61520 6597
  61530 6576
  61533 6601
  61536 6574
  61543 6577
  61550 6607
  61551 6545
  61553 6585
  61556 6609
  61559 6608
  61562 6579
  61566 6580
  61571 6581
  61579 6622
  61582 6621
  61600 6586
  61607 6587
  61610 6591
  61613 6617
  61617 6593
  61633 6606
  61655 6599
  61665 6612
  61674 6602
  61693 6616
  61713 6615
  61721 6619
  61739 6623
  61742 6643
  61770 6557
  61782 6636
  61787 6438
  61790 6628
  61792 6627
  61793 6438
  61833 6654
  61836 6651
  61849 6632
  61852 6614
  61857 6650
  61900 6635
  61913 6640
  61935 6641
  61944 6646
  61972 6667
  62008 6630
  62019 6657
  62021 6676
  62026 6679
  62032 6663
  62033 6670
  62035 6677
  62044 6672
  62052 6658
  62059 6662
  62065 6665
  62072 6660
  62072 6661
  62077 6689
  62077 6690
  62144 6687
  62148 6671
  62149 6675
  62160 6669
  62178 6674
  62202 6691
  62207 6654
  62210 6680
  62215 6696
  62220 6685
  62224 6686
  62242 6688
  62268 6692
  62296 6695
  62314 6701
  62342 6653
  62351 6673
  62354 6697
  62376 6700
  62395 6702
  62409 6703
  62453 6684
  62456 6711
  62482 6710
  62487 6713
  62512 6699
  62517 6684
  62563 6707
  62564 6747
  62569 6708
  62586 6732
  62596 6706
  62671 6750
  62675 6740
  62680 6721
  62688 6718
  62691 6745
  62692 6725
  62710 6719
  62722 6722
  62752 6757
  62757 6762
  62757 6763
  62770 6733
  62779 6759
  62786 6734
  62792 6736
  62796 6730
  62799 6739
  62806 6764
  62815 6744
  62836 6744
  62852 6746
  62864 6786
  62870 6753
  62871 6754
  62935 6758
  62957 6761
  62987 6787
  62997 6768
  63000 6789
  63003 6783
  63042 6769
  63048 6770
  63049 6771
  63096 6792
  63121 6796
  63151 6780
  63168 6782
  63171 6798
  63181 6776
  63185 6776
  63209 6784
  63210 6784
  63214 6788
  63229 6801
  63241 6794
  63339 6799
  63413 6805
  63416 6806
  63431 6817
  63535 6825
  63545 6814
  63571 6810
  63575 6824
  63578 6808
  63587 6816
  63594 6821
  63616 6822
  63625 6812
  63667 6829
  63674 6831
  63800 6835
  63803 6836
  63881 6841
  63972 6869
  63978 6845
  63979 6845
  63985 6845
  63986 6845
  64023 6848
  64025 6844
  64043 6850
  64044 6851
  64081 6854
  64082 6851
  64086 6851
  64089 6865
  64094 6861
  64097 6849
  64107 6861
  64116 6855
  64136 6861
  64153 6861
  64166 6860
  64168 6862
  64192 6868
  64197 6870
  64203 6867
  64216 6861
  64219 6861
  64240 6875
  64296 6875
  64314 6878
  64317 6878
  64413 6872
  64427 6887
  64446 6890
  64447 6876
  64457 6877
  64464 6889
  64479 6880
  64485 6911
  64507 6893
  64513 6897
  64517 6898
  64530 6900
  64552 6901
  64575 6902
  64580 6902
  64600 6916
  64601 6906
  64607 6903
  64630 6899
  64632 6902
  64650 6907
  64700 6912
  64715 6917
  64725 6909
  64729 6915
  64768 6921
  64814 6922
  64851 6918
  64883 6919
  64884 6923
  64924 6927
  64925 6927
  64932 6928
  64935 6930
  64939 6926
  64945 6924
  64949 6929
  64963 6931
  64980 6925
  65001 6946
  65010 6949
  65033 6936
  65054 6941
  65086 6951
  65086 6952
  65108 6944
  65112 6935
  65117 6944
  65125 6937
  65132 6945
  65172 6942
  65193 6947
  65219 6932
  65256 6948
  65269 6956
  65273 6920
  65279 6954
  65287 6955
  65295 6943
  65302 6957
  65306 6985
  65369 6959
  65372 6961
  65375 6962
  65376 6963
  65379 6964
  65385 6967
  65425 6969
  65428 6968
  65436 6958
  65462 6971
  65485 6972
  65608 6970
  65612 6975
  65620 6976
  65625 6977
  65631 6978
  65732 6988
  65750 6986
  65759 6983
  65776 6982
  65798 6984
  65807 6987
  65862 6990
  65887 7003
  65905 7001
  65925 6998
  65940 6999
  66003 7013
  66009 7002
  66019 7004
  66039 7010
  66069 7007
  66076 7015
  66107 7019
  66116 7012
  66136 7016
  66137 7017
  66141 7018
  66151 7025
  66153 7014
  66224 7022
  66227 7034
  66228 7033
  66257 7035
  66258 7035
  66283 7030
  66291 7020
  66291 7021
  66318 7029
  66366 7040
  66378 7042
  66385 7043
  66407 7046
  66414 7038
  66427 7032
  66461 7047
  66463 7041
  66537 7052
  66549 7049
  66566 7051
  66610 7053
  66641 7056
  66708 7057
  66732 7060
  66747 7066
  66765 7068
  66766 7065
  66774 7065
  66784 7059
  66785 7061
  66807 7069
  66836 7064
  66847 7073
  66850 7074
  66860 7077
  66861 7080
  66869 7070
  66870 7072
  66874 7072
  66891 7081
  66895 7075
  66909 7070
  66926 7085
  66934 7079
  66972 7091
  66988 7087
  67023 7083
  67045 7090
  67075 7095
  67112 7101
  67118 7100
  67120 7102
  67124 7103
  67137 7104
  67146 7097
  67160 7097
  67168 7096
  67189 7108
  67192 7109
  67199 7110
  67205 7112
  67208 7113
  67209 7107
  67215 7106
  67218 7116
  67248 7115
  67266 7098
  67273 7120
  67287 7121
  67303 7117
  67318 7118
  67322 7119
  67325 7119
  67349 7132
  67359 7131
  67375 7124
  67379 7137
  67387 7130
  67406 7138
  67417 7125
  67418 7126
  67425 7135
  67466 7123
  67508 7146
  67518 7147
  67524 7149
  67532 7140
  67532 7141
  67538 7148
  67557 7144
  67583 7145
  67601 7152
  67622 7156
  67624 7153
  67634 7151
  67641 7154
  67663 7155
  67673 7164
  67674 7159
  67693 7157
  67698 7158
  67785 7163
  67788 7165
  67795 7162
  67816 7167
  67817 7166
  67818 7162
  67823 7177
  67839 7171
  67848 7170
  67859 7181
  67864 7182
  67874 7172
  67878 7173
  67881 7174
  67882 7168
  67883 7176
  67890 7180
  67892 7183
  67898 7178
  67904 7184
  67909 7187
  67913 7169
  67919 7185
  67921 7197
  67928 7190
  67934 7189
  67940 7195
  67943 7188
  67945 7194
  67995 7179
  68006 7198
  68014 7206
  68017 7207
  68020 7196
  68033 7211
  68040 7201
  68053 7203
  68054 7204
  68057 7192
  68059 7191
  68061 7204
  68065 7212
  68068 7200
  68083 7205
  68096 7217
  68120 7208
  68124 7199
  68127 7215
  68128 7205
  68152 7214
  68165 7213
  68197 7223
  68199 7218
  68224 7222
  68235 7221
  68241 7220
  68242 7224
  68243 7227
  68254 7228
  68285 7231
  68291 7216
  68311 7225
  68312 7219
  68329 7232
  68344 7229
  68350 7230
  68383 7237
  68384 7236
  68388 7239
  68415 7240
  68431 7232
  68434 7242
  68441 7233
  68442 7241
  68443 7232
  68468 7244
  68485 7248
  68511 7247
  68512 7246
  68535 7250
  68572 7253
  68573 7253
  68604 7251
  68606 7249
  68612 7252
  68642 7263
  68658 7264
  68668 7265
  68686 7254
  68691 7257
  68691 7260
  68710 7258
  68718 7259
  68721 7255
  68737 7262
  68748 7270
  68753 7271
  68758 7266
  68768 7273
  68770 7274
  68773 7276
  68774 7275
  68780 7267
  68786 7272
  68839 7268
  68841 7269
  68843 7282
  68847 7268
  68861 7277
  68870 7280
  68896 7279
  68922 7286
  68933 7288
  68940 7278
  68941 7292
  68942 7290
  68944 7291
  68946 7283
  68950 7284
  68953 7285
  68960 7287
  68980 7289
  69021 7301
  69033 7298
  69040 7300
  69046 7297
  69060 7299
  69061 7303
  69088 7294
  69091 7305
  69094 7302
  69132 7306
  69161 7307
  69172 7311
  69183 7309
  69194 7308
  69198 7312
  69202 7310
  69241 7315
  69242 7313
  69253 7314
  69256 7317
  69259 7316
  69260 7318
  69263 7318
  69269 7319
  69270 7320
  69279 7320
  69281 7326
  69287 7321
  69291 7325
  69311 7323
  69314 7330
  69321 7324
  69327 7331
  69337 7336
  69338 7335
  69342 7332
  69344 7337
  69349 7328
  69362 7340
  69364 7339
  69365 7322
  69374 7342
  69391 7343
  69401 7345
  69412 7341
  69429 7353
  69430 7346
  69433 7344
  69443 7347
  69453 7329
  69463 7348
  69488 7349
  69489 7351
  69530 7356
  69539 7361
  69544 7357
  69580 7363
  69587 7355
  69591 7360
  69602 7362
  69619 7369
  69629 7366
  69630 7364
  69633 7367
  69638 7359
  69651 7365
  69661 7368
  69662 7370
  69664 7358
  69670 7372
  69676 7374
  69677 7371
  69688 7373
  69695 7375
  69715 7376
  69724 7379
  69733 7377
  69734 7378
  69809 7383
  69819 7384
  69824 7385
  69825 7386
  69828 7381
  69832 7388
  69834 7387
  69836 7389
  69837 7390
  69840 7382
  69847 7391
  69861 7395
  69874 7393
  69887 7392
  69889 7396
  69902 7399
  69904 7397
  69905 7398
  69907 7405
  69911 7401
  69914 7402
  69922 7407
  69939 7409
  69947 7406
  69964 7404
  69967 7400
  69974 7411
  69985 7415
  69994 7410
  69997 7413
  70008 7414
  70017 7420
  70025 7416
  70027 7412
  70037 7408
  70042 7426
  70048 7422
  70069 7418
  70075 7418
  70083 7421
  70089 7412
  70091 7427
  70096 7424
  70097 7425
  70098 7428
  70106 7430
  70112 7431
  70113 7417
  70116 7435
  70123 7433
  70124 7436
  70129 7432
  70131 7437
  70134 7439
  70145 7434
  70152 7440
  70178 7445
  70183 7442
  70185 7446
  70186 7441
  70196 7449
  70213 7448
  70218 7443
  70219 7444
  70245 7451
  70246 7455
  70252 7450
  70255 7452
  70258 7457
  70264 7454
  70277 7458
  70287 7460
  70290 7461
  70291 7463
  70292 7464
  70295 7465
  70299 7466
  70304 7456
  70310 7467
  70324 7462
  70332 7468
  70348 7469
  70373 7473
  70379 7474
  70383 7475
  70418 7478
  70419 7479
  70427 7476
  70431 7470
  70432 7480
  70446 7472
  70455 7483
  70470 7485
  70478 7486
  70479 7481
  70496 7487
  70505 7484
  70526 7490
  70532 7489
  70533 2573
  70539 7488
  70546 7491
  70566 7495
  70568 7494
  70569 7497
  70588 7496
  70590 7498
  70608 7499
  70619 7501
  70620 7500
  70628 7503
  70636 7505
  70660 7506
  70663 7508
  70676 7507
  70679 7509
  70680 2573
  70683 7512
  70687 7496
  70689 7514
  70691 7511
  70699 7515
  70703 7516
  70712 7518
  70713 7519
  70714 7513
  70715 7517
  70725 7521
  70726 7523
  70728 7527
  70731 7525
  70737 7524
  70755 7529
  70759 7530
  70761 7535
  70765 7536
  70770 7528
  70778 7533
  70779 7532
  70781 7534
  70783 7539
  70785 7543
  70786 7537
  70788 7540
  70791 7551
  70795 7541
  70796 7542
  70800 7531
  70811 7544
  70819 7547
  70820 7546
  70826 7548
  70830 7550
  70832 7549
  70834 7553
  70840 7545
  70843 7564
  70844 7558
  70850 7554
  70852 7559
  70854 7557
  70855 7556
  70864 7559
  70872 7563
  70874 7562
  70880 7562
  70884 7552
  70885 7567
  70892 7568
  70893 7573
  70901 7566
  70912 7570
  70919 7572
  70932 7596
  70933 7578
  70934 7578
  70947 7577
  70948 7576
  70962 7580
  70963 7579
  70965 7586
  70974 7604
  70975 7583
  70977 7584
  70981 7593
  70983 7588
  70984 7587
  70986 7585
  70992 7594
  70995 7589
  70996 7591
  70999 7592
  71001 7582
  71004 7595
  71006 7597
  71011 7598
  71019 7602
  71022 7601
  71029 7600
  71031 7590
  71035 7603
  71047 7606
  71055 7608
  71066 7599
  71073 7616
  71076 7609
  71083 7611
  71087 7610
  71089 7612
  71090 7618
  71095 7613
  71097 7615
  71106 7620
  71113 7617
  71121 7619
  71126 7624
  71129 7621
  71132 7623
  71133 7625
  71140 7626
  71153 7628
  71175 7629
  71176 7630
  71181 7631
  71187 7622
  71192 7634
  71213 7632
  71220 7640
  71241 7641
  71242 7638
  71245 7636
  71256 7639
  71261 7643
  71264 7642
  71274 7633
  71314 7645
  71321 7648
  71325 7647
  71338 7646
  71343 7649
  71345 7667
  71353 7651
  71357 7656
  71370 7653
  71394 7650
  71402 7652
  71413 7660
  71417 7659
  71432 7658
  71433 7658
  71440 7637
  71450 7664
  71452 7655
  71455 7663
  71456 7657
  71473 7661
  71474 7665
  71478 7671
  71485 7672
  71493 7673
  71504 7674
  71517 7677
  71518 7675
  71534 7678
  71541 7680
  71554 7679
  71558 7681
  71564 7676
  71565 7683
  71566 7682
  71625 7684
  71628 7685
  71635 7687
  71648 7688
  71699 7691
  71712 7692
  71716 7690
  71720 7693
  71726 7695
  71728 7694
  71729 7689
  71757 7696
  71762 7698
  71777 7701
  71779 7700
  71782 7699
  71797 7703
  71798 7707
  71810 7704
  71811 7705
  71812 7697
  71817 7706
  71828 7709
  71829 7702
  71836 7711
  71844 7710
  71850 7712
  71866 7713
  71868 7714
  71878 7715
  71883 7716
  71910 7713
  71941 7717
  71959 7718
  71961 7719
  71985 7720
  71991 7726
  71993 7722
  72001 7721
  72009 7723
  72015 7724
  72025 7725
  72060 7727
  72064 7728
  72083 7729
  72094 7730
  72128 7731
  72131 7732
  72165 7735
  72173 7736
  72177 7733
  72182 7737
  72183 7734
  72200 7740
  72237 7741
  72247 7738
  72260 7742
  72263 7743
  72272 7739
  72299 7745
  72300 7744
  72319 7746
  72328 7747
  72338 7749
  72367 7750
  72381 7751
  72382 7752
  72387 7753
  72444 7755
  72491 7757
  72493 7756
  72496 7759
  72497 7758
  72511 7754
  72512 7760
  72565 7763
  72596 7765
  72597 7764
  72601 7767
  72605 7768
  72611 7766
  72615 7769
  72635 7770
  72638 7771
  72641 7761
  72679 7774
  72681 7773
  72696 7775
  72744 7777
  72756 7778
  72762 7764
  72763 7764
  72770 7779
  72775 7780
  72785 7781
  72788 7782
  72803 7783
  72808 7783
  72812 7776
  72862 7784
  72867 7785
  72870 7786
  72930 7787
  73049 7793
  73066 7792
  73103 7794
  73125 7797
  73126 7796
  73156 7799
  73163 7798
  73177 7800
  83203 3281
  84830 6331
  93119 4796
  93123 5256
  97424 5535
  99944 0396
 133741 0344
 138159 0067
 165626 5450
 165627 5461
 165629 5471
 165926 7662
 197601 0704
 212468 0004
 243991 0643
 299218 2197
 313021 2155
 491532 6164
 771919 1201
 906183 0815
1000913 4780
1035508 2183
1279700 7825
1281966 0486
1523531 2934
1595946 1555
1693983 6210
1842970 3553
1857017 4311
1998069 1062
2333935 2689
2703230 6472
2800984 5431
2802337 6715
2802608 1049
2802612 0104
2802613 0121
2802614 0288
2802615 0339
2802616 0362
2802617 0411
2802618 0416
2802619 0419
2802621 1466
2802622 1783
2802623 1786
2802624 1795
2802625 1835
2802626 1841
2802627 1850
2802628 1851
2802629 1866
2802630 1904
2802631 1916
2802632 1978
2802633 2005
2802634 2019
2802635 2121
2802636 2157
2802637 2158
2802638 2164
2802639 2173
2802640 2210
2802641 2214
2802642 2257
2802643 2419
2802644 2808
2802645 3201
2802646 4147
2802647 4590
2802648 5024
2802649 5053
2802650 5139
2802651 5272
2802652 5286
2802653 5466
2802654 5694
2802655 5824
2802656 5904
2802657 5946
2802658 6093
2802659 6121
2802660 6171
2802661 6205
2802662 6218
2802663 6229
2802664 6254
2802665 6256
2802666 6266
2802667 6284
2802668 6293
2802669 6325
2802670 6341
2802671 6342
2802672 6356
2802673 6362
2802674 6366
2802675 6388
2802676 6397
2802677 6440
2802678 6441
2802679 6522
2802680 6528
2802681 6535
2802682 6539
2802683 6541
2802684 6553
2802685 6558
2802686 6624
2802687 6626
2802688 6634
2802689 6656
2802690 6681
2802691 6712
2802692 6752
2802693 6760
2802694 6779
2802695 6809
2802696 6838
2802697 6864
2802698 6934
2802699 6981
2802700 7006
2802701 7078
2802702 7089
2802703 7099
2817502 0650
2817554 1952
2824345 1935
2824449 2060
2824464 2080
2829264 6369
2860341 2392
2882948 1514
2903853 3148
2906369 6826
2921944 6543
2923327 0040
3031317 5882
3084736 6729
3084828 6166
3098454 4898
3098795 2818
3099097 6785
3143104 0246
3145958 1360
3148690 2346
3163156 7009
3166370 0078
3166420 0190
3166453 0317
3166700 1077
3166885 1568
3167240 2957
3167313 3314
3167366 3537
3167372 3545
3167458 3926
3167474 4015
3167533 4410
3167546 4496
3167574 4676
3167592 4842
3167600 4898
3167655 5098
3167694 5215
3167706 5256
3167735 5331
3167946 6041
3167961 6088
3167963 6074
3168086 6582
3168432 7204
3168458 7253
3168477 7268
3168504 7318
3168578 7559
3168580 7578
3168643 7783
3325364 0643
3325384 7592
3325385 7592
3325386 7592
3325411 0128
3325412 0134
3325415 0173
3325419 0266
3325423 0383
3325424 0484
3325425 0488
3325428 0524
3325430 0541
3325432 0584
3325434 0628
3325438 0681
3325439 0691
3325443 0720
3325452 0825
3325456 0841
3325458 0877
3325461 0908
3325465 0936
3325468 0945
3325471 0973
3325475 1023
3325476 1052
3325477 1060
3325478 1068
3325480 1097
3325485 1167
3325486 1209
3325487 1186
3325491 1255
3325504 1359
3325514 1519
3325516 1532
3325522 1589
3325523 1667
3325524 1672
3325529 1721
3325531 1779
3325532 1792
3325533 1800
3325534 1832
3325537 1961
3325541 2217
3325542 2273
3325543 2280
3325549 2417
3325552 2442
3325565 2633
3325570 2655
3325572 2768
3325574 2775
3325575 2781
3325577 2835
3325578 2805
3325583 2962
3325585 2997
3325587 2967
3325590 3054
3325591 3091
3325594 3175
3325597 3166
3325602 3245
3325604 3250
3325609 3263
3325618 3347
3325619 3338
3325623 3396
3325624 3370
3325634 3557
3325635 3585
3325637 3613
3325638 3640
3325639 3642
3325640 3672
3325641 3665
3325650 3798
3325652 3780
3325653 3892
3325667 4008
3325668 4038
3325675 4105
3325677 4128
3325680 4179
3325681 4169
3325682 4256
3325685 4304
3325689 4291
3325692 4303
3325699 4565
3325700 4521
3325704 4666
3325708 4750
3325709 4658
3325711 4756
3325714 4751
3325719 4697
3325726 4902
3325727 4856
3325733 4936
3325735 4976
3325736 4965
3325738 4995
3325739 5033
3325742 5018
3325743 5044
3325744 5090
3325746 5101
3325747 5064
3325749 5128
3325750 5084
3325752 5194
3325754 5121
3325756 5135
3325761 5333
3325765 5322
3325767 5364
3325770 5365
3325771 5395
3325774 5419
3325776 5457
3325778 5485
3325779 5427
3325783 5557
3325784 5566
3325789 5676
3325792 5775
3325794 5791
3325795 5796
3325798 5846
3325800 5908
3325801 5866
3325803 5898
3325804 5930
3325805 5962
3325809 6070
3325819 6500
3325832 6769
3325841 6907
3325846 7014
3325851 7079
3325853 7144
3325854 7166
3325857 7179
3325864 7320
3325866 7368
3325868 7377
3325870 7421
3325874 7448
3325882 7711
3325883 7713
3325884 7714
3325886 7721
3325894 0162
3325897 0084
3325898 0408
3325902 0390
3325903 0464
3325904 0510
3325905 0733
3325906 1257
3325907 1312
3325908 1330
3325909 1488
3325910 1995
3325911 2433
3325912 2586
3325913 2702
3325914 2700
3325915 2703
3325916 2705
3325917 2707
3325918 2806
3325919 2912
3325920 3272
3325921 4009
3325922 0305
3325923 3797
3325924 3793
3325956 0091
3441330 1501
3441331 3242
3442014 0646
3442212 1203
3517575 0248
3517576 0249
3517577 0261
3517578 0281
3517579 0346
3517580 0456
3517581 0602
3517582 0896
3517583 1333
3517584 1435
3517585 1491
3517586 1499
3517587 1579
3517588 1715
3517589 1736
3517590 1737
3517591 1743
3517592 1745
3517593 1748
3517594 1760
3517595 1763
3517596 1773
3517597 1788
3517598 1874
3517599 1880
3517600 1895
3517601 1899
3517602 1909
3517603 1918
3517604 1920
3517605 1921
3517606 1929
3517607 1934
3517608 1936
3517609 1941
3517610 1943
3517611 1945
3517612 1949
3517613 1965
3517614 1966
3517615 1970
3517616 1975
3517617 1980
3517618 1985
3517619 2020
3517620 2024
3517621 2029
3517622 2032
3517623 2035
3517624 2040
3517625 2048
3517626 2052
3517627 2064
3517628 2067
3517629 2068
3517630 2069
3517631 2070
3517632 2071
3517633 2074
3517634 2077
3517635 2078
3517636 2079
3517637 2083
3517638 2084
3517639 2085
3517640 2103
3517641 2149
3517642 2163
3517643 2170
3517644 2174
3517645 2185
3517646 2237
3517647 2238
3517648 2245
3517649 2246
3517650 2261
3517651 2313
3517652 2316
3517653 2327
3517654 2359
3517655 2361
3517656 2626
3517657 2736
3517658 3199
3517659 3324
3517660 3372
3517661 3503
3517662 3576
3517663 3579
3517664 3581
3517665 3582
3517666 3584
3517667 3586
3517668 5367
3517669 6165
3517670 6188
3517671 6334
3517672 6357
3517673 6514
3517674 6523
3517675 6526
3517676 6533
3517677 6559
3517678 6618
3517679 6727
3517680 6813
3517681 6820
3517682 6857
3517683 6914
3517684 6960
3517685 6974
3517686 6979
3517687 6992
3517688 6995
3517689 7000
3517690 7023
3517691 7538
3517692 7635
3517693 7822
3517694 0206
3517695 0588
3517696 0592
3517697 0595
3517698 0604
3517699 2404
3517700 2847
3517701 3181
3517702 5408
3517703 5449
3517704 5451
3517705 5453
3517706 5455
3517707 5458
3517708 5462
3517709 1261
3517710 1754
3517711 1854
3517712 1898
3517713 1917
3517714 1958
3517715 2298
3517716 4372
3517717 4833
3517718 5634
3517719 5897
3517720 5927
3517721 5986
3517722 6101
3517723 6139
3517724 6144
3517725 6235
3517726 6273
3517727 6287
3517728 6304
3517729 6316
3517730 6333
3517731 6352
3517732 6355
3517733 6380
3517734 6401
3517735 6402
3517736 6426
3517737 6453
3517738 6496
3517739 6517
3517740 6540
3517741 6544
3517742 6569
3517743 6584
3517744 6638
3517745 6642
3517746 6652
3517747 6717
3517748 6723
3517749 6749
3517750 7492
3517751 1535
3517752 2022
3517753 2242
3517754 2371
3517755 2438
3517756 2440
3517757 2452
3517758 2610
3517759 2792
3517760 2867
3517761 2899
3517762 3132
3517763 3195
3517764 3211
3517765 3587
3517766 3699
3517767 3918
3517768 4071
3517769 4361
3517770 5189
3517771 5307
3517772 5315
3517773 5844
3517774 5873
3517775 5979
3517776 6026
3517777 6058
3517778 6072
3517779 6153
3517780 6302
3517781 6309
3517782 6326
3517783 6337
3517784 6439
3517785 6445
3517786 6537
3517787 6563
3517788 6565
3517789 6567
3517790 6572
3517791 6578
3517792 6620
3517793 6629
3517794 6644
3517795 6720
3517796 6741
3517797 6742
3517798 6751
3517799 6765
3517800 6772
3517801 6781
3517802 6790
3517803 6803
3517804 6804
3517805 6807
3517806 6818
3517807 6833
3517808 6842
3517809 6852
3517810 6853
3517811 6879
3517812 6881
3517813 6884
3517814 6886
3517815 6891
3517816 6894
3517817 6905
3517818 7008
3517819 7026
3517820 7027
3517821 7048
3517822 7076
3517823 7094
3517824 7139
3517825 7293
3517826 7354
3517827 0103
3517828 0110
3517829 0129
3517830 0136
3517831 0146
3517832 0152
3517833 0176
3517834 0188
3517835 0189
3517836 0220
3517837 0222
3517838 0225
3517839 0231
3517840 0241
3517841 0242
3517842 0256
3517843 0265
3517844 0267
3517845 0269
3517846 0290
3517847 0294
3517848 0299
3517849 0306
3517850 0330
3517851 0361
3517852 0366
3517853 0371
3517854 0376
3517855 0381
3517856 0395
3517857 0422
3517858 0433
3517859 0436
3517860 0457
3517861 0458
3517862 0460
3517863 0465
3517864 0559
3517865 0581
3517866 0609
3517867 0637
3517868 0654
3517869 0657
3517870 0659
3517871 0663
3517872 0743
3517873 0752
3517874 0796
3517875 0869
3517876 0884
3517877 0886
3517878 0956
3517879 0957
3517880 1039
3517881 1193
3517882 1220
3517883 1245
3517884 1342
3517885 1348
3517886 1444
3517887 1496
3517888 1513
3517889 1528
3517890 1582
3517891 1605
3517892 1624
3517893 1629
3517894 1641
3517895 1644
3517896 1647
3517897 1649
3517898 1651
3517899 1662
3517900 1663
3517901 1664
3517902 1673
3517903 1676
3517904 1693
3517905 1695
3517906 1696
3517907 1697
3517908 1698
3517909 1702
3517910 1704
3517911 1708
3517912 1711
3517913 1712
3517914 1714
3517915 1718
3517916 1722
3517917 1724
3517918 1727
3517919 1731
3517920 1732
3517921 1733
3517922 1734
3517923 1735
3517924 1749
3517925 1750
3517926 1751
3517927 1755
3517928 1756
3517929 1758
3517930 1761
3517931 1764
3517932 1766
3517933 1767
3517934 1768
3517935 1770
3517936 1772
3517937 1774
3517938 1775
3517939 1776
3517940 1777
3517941 1778
3517942 1782
3517943 1789
3517944 1791
3517945 1793
3517946 1798
3517947 1801
3517948 1802
3517949 1804
3517950 1805
3517951 1806
3517952 1807
3517953 1810
3517954 1813
3517955 1814
3517956 1815
3517957 1816
3517958 1817
3517959 1818
3517960 1820
3517961 1822
3517962 1823
3517963 1825
3517964 1826
3517965 1828
3517966 1829
3517967 1830
3517968 1831
3517969 1833
3517970 1834
3517971 1836
3517972 1837
3517973 1838
3517974 1839
3517975 1840
3517976 1842
3517977 1844
3517978 1845
3517979 1846
3517980 1847
3517981 1848
3517982 1849
3517983 1852
3517984 1856
3517985 1857
3517986 1858
3517987 1859
3517988 1860
3517989 1861
3517990 1862
3517991 1863
3517992 1864
3517993 1865
3517994 1867
3517995 1868
3517996 1869
3517997 1870
3517998 1871
3517999 1872
3518000 1873
3518001 1876
3518002 1877
3518003 1878
3518004 1881
3518005 1882
3518006 1883
3518007 1885
3518008 1887
3518009 1890
3518010 1893
3518011 1894
3518012 1897
3518013 1900
3518014 1901
3518015 1902
3518016 1903
3518017 1905
3518018 1907
3518019 1910
3518020 1912
3518021 1913
3518022 1914
3518023 1919
3518024 1922
3518025 1923
3518026 1925
3518027 1926
3518028 1928
3518029 1931
3518030 1933
3518031 1937
3518032 1938
3518033 1939
3518034 1940
3518035 1942
3518036 1944
3518037 1946
3518038 1948
3518039 1950
3518040 1951
3518041 1953
3518042 1955
3518043 1959
3518044 1960
3518045 1962
3518046 1963
3518047 1967
3518048 1968
3518049 1969
3518050 1971
3518051 1972
3518052 1974
3518053 1977
3518054 1981
3518055 1983
3518056 1984
3518057 1986
3518058 1987
3518059 1994
3518060 1997
3518061 2000
3518062 2001
3518063 2002
3518064 2003
3518065 2004
3518066 2006
3518067 2009
3518068 2010
3518069 2011
3518070 2013
3518071 2014
3518072 2015
3518073 2016
3518074 2018
3518075 2021
3518076 2025
3518077 2026
3518078 2027
3518079 2028
3518080 2030
3518081 2031
3518082 2033
3518083 2034
3518084 2036
3518085 2037
3518086 2038
3518087 2041
3518088 2043
3518089 2044
3518090 2046
3518091 2047
3518092 2050
3518093 2051
3518094 2053
3518095 2055
3518096 2056
3518097 2057
3518098 2058
3518099 2059
3518100 2062
3518101 2065
3518102 2066
3518103 2072
3518104 2075
3518105 2081
3518106 2088
3518107 2091
3518108 2092
3518109 2093
3518110 2094
3518111 2095
3518112 2096
3518113 2097
3518114 2098
3518115 2100
3518116 2102
3518117 2105
3518118 2107
3518119 2108
3518120 2109
3518121 2111
3518122 2112
3518123 2113
3518124 2114
3518125 2116
3518126 2117
3518127 2118
3518128 2120
3518129 2122
3518130 2123
3518131 2125
3518132 2126
3518133 2127
3518134 2129
3518135 2130
3518136 2133
3518137 2134
3518138 2135
3518139 2136
3518140 2137
3518141 2138
3518142 2140
3518143 2141
3518144 2143
3518145 2145
3518146 2147
3518147 2151
3518148 2153
3518149 2154
3518150 2156
3518151 2159
3518152 2160
3518153 2161
3518154 2162
3518155 2165
3518156 2166
3518157 2168
3518158 2169
3518159 2172
3518160 2175
3518161 2176
3518162 2177
3518163 2181
3518164 2186
3518165 2190
3518166 2192
3518167 2193
3518168 2194
3518169 2203
3518170 2204
3518171 2209
3518172 2213
3518173 2215
3518174 2219
3518175 2225
3518176 2226
3518177 2231
3518178 2232
3518179 2236
3518180 2240
3518181 2241
3518182 2243
3518183 2249
3518184 2250
3518185 2251
3518186 2252
3518187 2254
3518188 2259
3518189 2260
3518190 2262
3518191 2266
3518192 2269
3518193 2270
3518194 2281
3518195 2286
3518196 2287
3518197 2301
3518198 2302
3518199 2306
3518200 2309
3518201 2311
3518202 2318
3518203 2323
3518204 2324
3518205 2331
3518206 2335
3518207 2338
3518208 2343
3518209 2345
3518210 2349
3518211 2353
3518212 2354
3518213 2355
3518214 2358
3518215 2360
3518216 2364
3518217 2367
3518218 2368
3518219 2374
3518220 2383
3518221 2384
3518222 2395
3518223 2396
3518224 2401
3518225 2409
3518226 2413
3518227 2420
3518228 2421
3518229 2425
3518230 2428
3518231 2432
3518232 2437
3518233 2439
3518234 2447
3518235 2453
3518236 2455
3518237 2459
3518238 2467
3518239 2477
3518240 2479
3518241 2482
3518242 2489
3518243 2506
3518244 2509
3518245 2516
3518246 2527
3518247 2533
3518248 2539
3518249 2546
3518250 2547
3518251 2548
3518252 2567
3518253 2568
3518254 2579
3518255 2580
3518256 2587
3518257 2588
3518258 2627
3518259 2632
3518260 2635
3518261 2645
3518262 2658
3518263 2659
3518264 2660
3518265 2664
3518266 2669
3518267 2670
3518268 2671
3518269 2678
3518270 2682
3518271 2849
3518272 2866
3518273 2910
3518274 2925
3518275 2972
3518276 2982
3518277 3033
3518278 3036
3518279 3105
3518280 3114
3518281 3228
3518282 3231
3518283 3247
3518284 3255
3518285 3293
3518286 3330
3518287 3446
3518288 3496
3518289 3519
3518290 3532
3518291 3572
3518292 3590
3518293 3680
3518294 3766
3518295 3909
3518296 3960
3518297 4052
3518298 4103
3518299 4184
3518300 4230
3518301 4337
3518302 4349
3518303 4439
3518304 4815
3518305 4852
3518306 5043
3518307 5045
3518308 5138
3518309 5168
3518310 5269
3518311 5281
3518312 5284
3518313 5288
3518314 5316
3518315 5359
3518316 5381
3518317 5460
3518318 5593
3518319 5617
3518320 5662
3518321 5715
3518322 5749
3518323 5764
3518324 5800
3518325 5822
3518326 5823
3518327 5925
3518328 5999
3518329 6005
3518330 6025
3518331 6031
3518332 6067
3518333 6115
3518334 6134
3518335 6152
3518336 6167
3518337 6178
3518338 6192
3518339 6200
3518340 6204
3518341 6208
3518342 6216
3518343 6242
3518344 6249
3518345 6250
3518346 6253
3518347 6259
3518348 6268
3518349 6281
3518350 6318
3518351 6396
3518352 6400
3518353 6404
3518354 6405
3518355 6416
3518356 6425
3518357 6444
3518358 6451
3518359 6469
3518360 6475
3518361 6494
3518362 6506
3518363 6507
3518364 6525
3518365 6530
3518366 6531
3518367 6546
3518368 6568
3518369 6583
3518370 6596
3518371 6603
3518372 6604
3518373 6605
3518374 6611
3518375 6613
3518376 6625
3518377 6631
3518378 6633
3518379 6645
3518380 6647
3518381 6649
3518382 6664
3518383 6682
3518384 6683
3518385 6694
3518386 6704
3518387 6705
3518388 6709
3518389 6716
3518390 6755
3518391 6756
3518392 6774
3518393 6791
3518394 6793
3518395 6800
3518396 6802
3518397 6811
3518398 6819
3518399 6823
3518400 6827
3518401 6837
3518402 6866
3518403 6871
3518404 6883
3518405 6885
3518406 6910
3518407 6913
3518408 6939
3518409 6940
3518410 6991
3518411 6991
3518412 6994
3518413 6996
3518414 6997
3518415 7031
3518416 7039
3518417 7044
3518418 7062
3518419 7063
3518420 7067
3518421 7082
3518422 7086
3518423 7092
3518424 7127
3518425 7128
3518426 7129
3518427 7142
3518428 7160
3518429 7209
3518430 7226
3518431 7234
3518432 7243
3518433 7245
3518434 7261
3518435 7281
3518436 7296
3518437 7380
3518438 7419
3518439 7423
3518440 7429
3518441 7510
3518442 7654
3518443 7762
3518444 7772
3518445 7788
3518446 7789
3518447 7790
3518612 1432
3518613 1769
3518614 1973
3518615 1976
3518616 1982
3518617 1999
3518618 2023
3518619 2086
3518620 2182
3518621 2247
3518622 2282
3518623 6589
3518624 6595
3518625 6726
3518626 6888
3518627 0894
3518628 2875
3518629 3180
3518630 3189
3518631 4399
3518632 4400
3518633 4401
3518634 5447
3518635 5906
3518636 0133
3518637 0744
3518638 1027
3518639 1502
3518640 1545
3518641 1747
3518642 1787
3518643 2042
3518644 2099
3518645 2175
3518646 2180
3518647 2202
3518648 2239
3518649 2264
3518650 2304
3518651 2348
3518652 2362
3518653 2414
3518654 2422
3518655 2423
3518656 2448
3518657 2451
3518658 2483
3518659 2571
3518660 2609
3518661 2666
3518662 3603
3518663 4463
3518664 4609
3518665 4755
3518666 5606
3518667 6087
3518668 6124
3518669 6169
3518670 6193
3518671 6231
3518672 6322
3518673 6374
3518674 6520
3518675 6830
3518676 6834
3518677 6846
3518678 7686
4581797 6908
