2817554 001
2802702 002
2802651 003
2802659 004
2802656 005
3518354 006
3518360 007
3517730 009
2802664 010
3518387 011
2802662 012
2802661 013
3517735 014
2802701 015
3518374 016
3517678 017
3518375 018
3517726 019
3517673 020
3518366 021
2802689 022
3518361 023
3518371 024
3518385 026
3517810 027
2802687 028
3518407 029
2802703 030
   2557 031
   2555 032
   5818 033
3517880 034
3518157 035
3518044 036
3518644 037
3518020 038
3518423 039
3518196 041
3518615 042
3518616 043
3518259 044
3518232 046
3518654 047
3518251 048
  41220 049
3518203 050
  47404 051
3518442 052
2802648 053
2802337 054
2802695 055
2802694 056
3517795 057
  42168 058
  42628 059
  42831 060
  40001 061
2802666 062
  46153 063
  44182 064
  34612 065
  34695 066
3518270 067
2802647 068
2802690 070
2802696 071
2802699 072
3518412 073
   5974 074
2802697 075
2817502 076
  10266 077
3517629 078
2802630 079
2802658 080
  28630 081
  28655 082
  48082 083
  40455 084
  40515 085
  40653 086
  41361 087
  41517 088
  41968 089
  42089 090
  41934 091
2802670 092
3518234 093
  43495 094
  32007 095
  32192 096
3517765 097
  39028 098
  39578 099
  40153 100
  50063 101
  53933 102
3517865 103
  42407 104
  32256 105
  39600 106
2802660 107
  34030 108
  37617 109
   2429 110
